0	0	0.0422724682046	0	0.0181381574777	0	0	0	0	0	0	0	0	0	0	0	0	0	0	0	0	0	0	0	0	0	0	0	0.0826600619648	0.151838986254	0	0	0	0	0	0	0	0	0	0	0	0	0	0	0	0
0	0	0	0	0	0	0	0	0	0	0	0	0	0	0	0	0	0	0	0	0	0	0	0	0	0	0	0.0123865304848	0	0	0	0	0	0	0	0	0	0.0144442646169	0	0	0	0	0	0	0	0
0	0	0	0	0	0	0	0	0	0	0	0	0	0	0	0	0	0	0	0	0	0	0	0	0	0	0	0	0	0	0	0	0	0	0	0	0	0	0	0	0	0	0	0	0	0
0	0	0	0	0	0	0	0	0	0	0	0	0	0	0	0	0	0	0	0	0	0	0	0	0	0	0	0	0	0	0	0	0	0	0	0	0	0	0	0	0	0	0	0	0	0
0	0	0	0	0	0	0	0	0	0	0	0	0	0	0	0	0	0	0	0	0	0	0	0	0	0	0	0	0	0	0	0	0	0	0	0	0	0	0	0	0	0	0	0	0	0
0	0	0	0	0	0	0	0.0118807078532	0	0	0.051302091846	0	0	0.0353038788529	0	0	0	0.0969143125599	0.159499154078	0.0374554109641	0	0.0417253501559	0	0	0	0	0.00610301801819	0	0	0	0	0	0	0	0	0	0	0	0	0	0	0	0.0409281004668	0	0.117445476171	0.114344771236
0	0	0	0	0	0	0	0	0	0	0	0	0	0	0	0	0.00508876186743	0.00883191650932	0	0	0	0	0	0	0	0	0	0	0	0	0	0	0	0	0	0	0	0	0	0	0	0	0	0	0	0
0	0	0	0	0	0	0	0	0	0	0	0	0	0	0	0	0	0	0	0	0	0	0	0	0	0	0	0	0	0	0	0	0	0	0	0	0	0	0	0	0	0	0	0	0	0
0	0	0	0	0	0	0	0	0	0	0	0	0.00449613811274	0	0	0	0	0	0	0	0	0	0	0	0	0	0	0	0	0	0	0	0	0	0	0	0	0	0	0	0	0	0	0	0	0.166441863995
0	0	0	0	0	0	0.0503337576519	0	0	0	0	0	0	0	0	0	0	0	0	0	0	0	0	0	0	0	0	0	0	0	0.0272832091947	0	0	0	0	0	0	0	0	0.0375516262575	0	0	0	0	0	0
0	0	0	0	0	0	0	0	0	0	0	0	0	0	0	0	0	0	0	0	0	0	0	0.00472430888756	0	0	0.0463081833704	0	0	0	0	0	0	0.00133466994454	0	0	0	0	0	0	0	0	0	0	0	0
0	0	0	0	0	0	0	0	0	0	0	0	0	0	0	0	0	0	0	0	0	0	0	0	0	0	0	0	0	0	0	0	0	0	0	0	0	0	0	0	0	0	0	0	0	0
0	0	0	0	0	0	0	0	0	0	0	0	0	0	0	0	0	0	0	0	0	0	0	0	0	0	0	0	0	0.133294197193	0.0796644403749	0	0.0706706952767	0	0	0	0	0	0	0	0	0	0	0	0	0
0	0	0	0	0	0	0	0	0	0	0	0	0	0	0	0	0	0	0	0	0	0	0	0	0	0	0	0	0	0	0	0	0	0	0	0	0	0	0	0	0	0	0	0	0	0
0	0	0.132495383584	0	0.12623487385	0	0	0	0	0	0	0	0	0	0	0	0	0	0	0	0	0	0	0	0	0	0	0	0	0	0	0	0	0	0	0	0	0	0	0	0	0	0	0	0	0
0	0	0	0	0	0	0	0	0	0	0	0	0	0	0	0	0	0	0	0	0	0	0	0	0	0	0	0	0	0	0	0	0	0	0	0	0	0	0	0	0	0	0	0	0	0
0	0	0	0	0	0	0	0	0	0	0	0	0	0	0	0	0	0	0	0	0	0	0	0	0	0	0	0	0	0	0	0	0	0	0	0	0	0.104975413827	0	0	0	0	0	0	0	0
0	0	0	0	0	0	0	0	0	0	0	0	0	0	0	0	0	0	0	0	0	0	0	0	0	0	0	0	0	0	0	0	0	0	0	0	0	0	0	0	0	0	0	0	0	0
0	0	0	0	0	0	0	0	0	0	0	0	0	0	0	0	0	0	0	0	0	0	0	0	0	0	0	0	0	0	0	0	0	0	0	0	0	0	0	0	0	0	0	0	0	0
0	0	0	0	0	0	0	0	0	0	0	0	0	0	0	0	0	0	0	0	0	0	0	0	0	0	0	0	0	0	0	0	0	0	0	0	0	0	0	0	0	0	0	0	0	0
0	0	0	0	0	0	0	0	0	0	0	0	0	0	0	0	0	0	0	0	0	0	0	0	0	0	0	0	0	0	0	0	0	0	0	0	0	0	0	0	0	0	0	0	0	0
0	0	0	0	0	0	0	0	0	0	0	0	0	0	0	0	0	0	0	0	0	0	0	0	0	0	0	0	0.128486828433	0	0	0	0	0	0	0	0	0	0	0	0	0	0	0	0	0
0	0	0	0.149425810116	0.114270847588	0	0	0	0	0	0	0	0	0.0742422184278	0	0	0	0	0	0	0	0	0	0	0	0	0	0	0	0	0	0	0	0	0	0	0	0	0	0	0	0	0	0	0	0
0	0.00754027111471	0	0.0856786341006	0	0	0	0	0	0	0	0	0	0	0	0	0	0	0	0	0	0	0	0	0	0	0	0	0	0	0	0	0	0	0	0	0	0	0	0	0	0	0	0	0	0
0	0	0	0	0	0	0	0	0	0	0	0	0	0	0	0	0	0	0	0	0	0	0	0	0	0	0	0	0	0	0	0	0	0	0	0	0	0	0	0	0	0	0	0	0	0
0	0	0	0	0	0	0	0	0	0	0	0	0	0	0	0	0	0	0	0	0	0	0	0	0	0	0	0	0	0	0	0	0	0	0	0	0	0	0	0	0	0	0	0	0	0
0	0	0	0	0	0	0	0	0	0	0	0	0	0	0	0	0	0	0	0	0.0365758537441	0	0	0	0	0	0	0	0	0	0	0	0	0	0	0	0	0	0	0	0	0	0	0	0	0
0	0	0	0	0	0	0	0	0	0	0	0	0	0	0	0	0	0	0	0	0	0	0	0	0	0	0	0	0	0	0	0.029645251581	0.0625698380421	0	0	0	0	0	0	0	0	0	0	0	0	0
0	0	0	0	0	0	0	0	0	0	0	0	0	0	0	0	0	0	0	0	0	0	0	0	0	0	0	0.187698485479	0.106242681031	0	0	0	0	0	0	0	0	0	0	0	0	0	0	0	0	0
0	0	0	0	0	0	0	0	0	0	0	0	0	0	0	0	0	0	0	0	0	0	0	0	0	0	0	0	0	0	0	0	0	0	0	0	0	0	0	0	0	0	0	0	0	0
0	0	0	0	0	0	0	0	0	0	0	0	0	0	0	0	0	0	0	0	0	0	0	0	0	0	0	0	0	0	0	0	0	0	0	0	0	0	0	0	0	0	0	0	0	0
0	0	0	0	0	0	0	0	0	0	0	0	0	0	0	0	0	0	0	0	0	0	0	0	0	0	0	0	0	0	0	0	0	0	0	0	0	0	0	0	0	0	0	0	0	0
0	0	0	0	0	0	0	0	0	0	0	0	0	0.327064307895	0	0	0	0	0	0	0	0	0	0	0	0	0	0	0	0	0	0	0	0	0	0	0	0	0	0	0	0	0	0	0	0
0	0	0	0	0	0	0	0	0	0	0	0	0	0	0	0	0	0	0	0	0	0	0	0	0	0	0	0	0	0	0	0	0	0	0	0	0	0	0	0	0	0	0	0	0	0
0	0	0	0	0	0	0	0	0	0	0	0	0	0	0	0	0	0.167887564781	0	0	0	0.137236187347	0	0	0	0	0	0	0	0	0	0	0	0	0	0	0	0	0	0	0	0	0	0	0	0
0	0	0	0	0	0	0	0	0	0	0	0	0	0	0	0	0	0	0	0	0	0	0	0	0	0	0	0	0	0	0	0	0	0	0	0	0	0	0	0	0	0	0	0	0	0
0	0	0	0	0	0	0	0	0	0	0	0	0	0	0	0	0	0	0	0	0	0	0	0	0	0	0	0	0	0	0	0	0	0	0	0	0	0	0	0	0	0	0	0	0	0
0	0	0	0	0	0	0	0	0	0	0	0	0	0	0	0	0	0	0	0	0	0	0	0	0	0	0	0	0	0	0	0	0	0.170898164392	0.246861455925	0.175560940508	0	0.0972748933555	0	0	0	0	0	0	0	0
0	0	0	0	0	0	0	0	0.0727914439625	0	0	0	0	0	0	0	0	0	0	0	0	0	0	0	0	0	0	0	0	0	0	0	0	0	0	0	0	0	0	0	0	0	0	0	0	0
0	0	0	0	0	0	0	0	0	0	0	0	0	0	0	0	0	0	0	0	0	0	0	0	0	0	0	0.00817748663958	0	0	0	0	0	0	0	0	0	0	0	0	0	0	0	0	0	0
0	0	0	0	0	0	0	0	0	0	0	0	0	0	0	0	0	0	0	0	0	0	0	0	0	0	0	0	0	0	0	0	0	0	0	0	0	0	0	0	0	0	0	0	0	0
0	0	0	0	0	0	0	0	0	0	0	0	0	0	0	0	0	0	0	0	0	0	0	0	0	0	0	0	0.0612700750049	0	0	0	0	0	0	0	0	0	0	0	0	0	0	0	0	0
0	0	0	0	0	0	0	0	0	0	0	0	0	0	0	0	0	0	0	0	0	0	0	0	0	0	0	0	0	0	0	0	0	0	0	0	0	0	0	0	0	0	0	0	0	0
0	0	0	0	0	0	0	0	0	0	0	0	0	0	0	0	0	0	0	0	0	0	0	0	0	0	0	0	0	0	0	0	0	0	0	0	0	0	0	0	0	0	0	0	0	0
0	0	0	0	0	0	0	0	0	0	0	0	0	0	0	0	0	0	0	0	0	0	0	0	0	0	0	0.000674406811279	0	0	0	0	0	0	0	0	0	0	0	0	0	0	0	0	0	0
0	0	0	0.0553370069388	0	0	0	0	0	0.112023051518	0	0	0.028052390856	0	0	0	0	0	0	0	0	0	0	0	0	0	0	0	0	0	0	0	0	0	0	0	0	0	0	0	0	0	0	0	0	0
0	0	0	0	0	0	0	0	0	0	0	0	0	0.0424185795291	0	0	0	0	0	0	0	0	0	0	0	0	0	0	0	0	0	0	0	0	0	0	0	0.00696740840118	0	0	0	0	0	0	0	0
0	0	0.0674546787458	0	0	0	0	0	0	0	0	0	0	0	0	0	0	0	0	0	0	0	0	0	0	0	0	0	0	0	0	0	0	0	0	0	0	0	0	0	0	0	0	0	0	0
0	0	0	0	0	0	0	0	0	0	0	0	0	0	0	0	0	0	0	0	0	0	0	0	0	0	0	0	0	0	0	0	0	0	0	0	0	0	0	0	0	0	0	0	0	0
0	0	0	0	0	0	0	0	0	0	0	0	0	0	0	0	0	0	0	0	0	0	0	0	0	0	0	0	0	0	0	0	0	0	0	0	0	0	0	0	0	0	0	0	0	0
0	0	0	0	0	0	0	0	0	0	0	0	0	0	0	0	0	0	0	0	0	0	0	0	0	0	0	0	0	0	0	0	0	0	0	0	0	0	0	0	0	0	0	0	0	0
0	0	0	0	0	0.0202475888006	0.0271101604739	0	0	0	0	0	0	0	0	0.0350862391061	0	0	0	0	0	0	0	0	0	0	0	0	0	0	0	0	0	0	0	0	0	0	0	0	0	0	0	0	0	0
0	0	0	0	0	0	0	0	0	0	0	0	0	0	0	0	0.00932346276381	0	0	0.0158813731088	0	0	0	0	0	0	0	0	0	0	0	0	0	0	0	0	0	0	0	0	0	0	0.0101440153088	0	0	0
0	0	0	0	0	0	0	0	0	0.165553205655	0	0	0.0434083574861	0	0	0	0	0.00371882900567	0	0	0	0.0257826986346	0	0	0	0	0	0	0	0	0	0	0.0370055674771	0	0	0	0	0	0	0	0	0	0	0	0	0
0	0	0	0	0	0	0	0	0	0	0	0	0	0	0	0	0	0	0	0	0	0	0	0	0	0	0	0	0	0.00586350946583	0	0	0	0	0	0	0	0.00873100644451	0	0	0	0	0	0	0	0
0	0	0	0	0.0075941635083	0	0	0	0	0	0	0	0	0	0	0	0	0	0	0	0	0	0	0	0	0	0	0	0	0	0	0	0	0	0	0	0	0	0	0	0	0	0	0	0	0
0	0	0	0	0	0	0.00655959405247	0	0	0	0	0	0	0.0013622887318	0	0.0180862920826	0	0	0	0	0	0	0	0	0.0043998156176	0	0.0323102238449	0	0	0	0	0	0	0	0	0	0	0	0	0.0439034913649	0.0504228693093	0	0	0	0	0
0	0	0	0	0	0	0	0	0	0	0	0	0	0	0	0	0.091815948601	0	0.0068891480533	0.076691397465	0	0	0	0	0	0	0	0.00137274526762	0	0	0	0.0332153634448	0	0	0	0	0	0	0	0	0	0	0	0	0	0
0	0	0	0	0	0	0	0	0	0	0	0	0.00483031262349	0	0	0	0	0	0	0	0	0	0	0	0	0.229015615406	0	0	0	0	0	0	0	0	0	0	0	0	0	0	0	0	0	0	0	0
0	0	0	0	0	0	0	0	0	0	0	0	0	0	0	0	0	0	0	0	0	0	0	0	0	0	0.0352712273437	0	0	0	0	0	0	0	0	0	0	0	0	0	0	0	0	0	0	0
0	0	0	0	0.0318665683113	0	0	0	0	0	0	0	0	0	0	0	0	0	0	0.0189495808896	0.000626963212653	0	0	0	0	0	0	0	0	0	0.0221529299253	0.084196256843	0	0.002648006172	0	0	0	0	0	0	0	0	0	0	0	0
0.0625096101167	0	0	0	0	0	0.000294169273218	0	0	0.0299625612175	0.0509309043305	0	0	0.0133163662976	0.061549995396	0	0	0.00124332261947	0	0	0	0	0.0267382710798	0	0.170719371293	0	0	0	0	0.00332133211032	0	0	0.000295392971059	0	0	0	0	0	0	0	0	0	0	0	0	0
0	0	0	0	0	0	0	0	0	0	0	0	0	0.016355813885	0	0.0149180216434	0	0.010579547588	0.00294485186092	0	0	0	0.00883986413207	0.106276698665	0.0166547886024	0.0272750251339	0.0301077369882	0	0	0	0	0	0	0	0	0	0	0	0	0	0	0	0	0	0	0
0	0	0	0	0	0	0	0	0	0	0	0	0	0	0	0	0	0	0	0	0	0	0	0	0	0	0	0	0	0.0286017259499	0	0	0	0	0	0	0	0	0.00518706063265	0	0	0	0	0	0	0
0	0	0	0	0	0	0	0	0	0	0	0	0	0	0	0	0	0	0	0	0	0	0	0	0	0	0	0	0	0	0	0	0	0	0	0	0	0	0	0	0.053428896701	0	0	0	0	0
0	0	0	0	0	0	0	0	0	0	0	0	0	0	0	0	0	0	0	0	0	0	0	0	0	0.0101733501592	0	0	0	0	0	0	0	0	0	0	0	0	0	0	0	0	0	0	0	0
0	0	0.140191789241	0	0	0	0	0	0	0	0	0	0	0	0	0	0	0	0	0	0	0	0	0	0	0	0	0	0	0	0	0	0	0	0	0	0	0	0	0	0	0	0	0	0	0
0	0	0	0	0	0	0	0	0	0.0282191552385	0	0	0	0	0	0	0	0	0	0	0	0	0	0	0	0.00867457066099	0.041378839532	0	0.0386175827239	0	0	0	0	0	0	0	0	0	0	0	0	0	0	0	0	0
0	0	0	0	0	0	0	0	0	0	0	0	0	0	0	0	0	0	0	0	0	0	0	0	0	0	0	0	0	0	0	0	0	0	0	0	0	0	0	0	0	0	0	0	0	0
0	0	0	0	0	0	0	0	0	0	0	0	0	0	0	0	0	0	0	0	0	0	0	0	0	0	0	0	0	0	0	0	0	0	0	0	0	0	0	0	0	0	0	0	0	0
0	0	0	0	0	0	0	0	0	0	0	0	0	0	0	0	0	0	0	0	0	0	0	0	0	0	0	0	0	0	0	0	0	0	0	0	0	0	0	0	0	0	0	0	0	0
0	0	0	0	0	0	0	0	0	0	0	0	0	0	0	0	0	0	0	0	0	0	0	0	0	0	0	0	0	0	0	0	0	0	0	0	0	0	0	0.0397525103795	0	0.06340140355	0	0	0	0
0	0	0	0	0	0	0	0	0	0	0	0	0	0	0	0	0	0	0	0	0	0	0	0	0	0	0	0	0	0	0	0	0	0	0	0	0	0	0	0	0	0	0	0	0	0
0	0	0	0	0	0	0	0	0	0	0	0	0	0	0	0	0	0	0	0	0	0	0	0	0	0	0	0	0	0	0	0	0	0	0	0	0	0	0	0	0	0	0	0	0	0
0	0	0	0	0	0.0726896865588	0	0	0.0536396184931	0	0	0	0	0	0	0	0.0290964279513	0	0	0	0	0.0956837588172	0.0204865556633	0	0	0	0	0	0	0	0	0	0	0.0874130444758	0.0796537001541	0	0	0	0.0625929623713	0	0	0	0	0	0	0
0	0	0	0	0	0	0	0	0	0	0	0	0	0	0.0790778197656	0	0	0	0	0	0.00527227369619	0	0	0	0	0	0	0	0	0	0	0	0	0	0	0	0	0	0	0.00945577363063	0.0301257495713	0	0	0	0.0174808090841	0
0	0	0	0	0	0	0	0.01953142846	0	0	0	0	0.0071641887283	0	0.00559771410242	0	0	0	0.0034399214465	0	0	0	0	0	0	0	0.00259078279065	0	0	0.0132846774826	0	0	0.0305539653308	0	0	0.0301793447288	0	0.00746904069198	0	0	0	0	0.0812227602602	0	0	0
0	0	0	0	0	0	0	0	0	0	0.156831981072	0	0	0	0	0	0	0	0	0	0	0	0	0	0	0	0	0.0107246971786	0	0	0	0	0	0	0	0	0	0	0	0	0	0.0775080244273	0	0	0	0
0	0	0	0	0	0	0	0	0	0	0	0	0	0	0	0	0	0	0	0	0	0	0	0	0	0	0	0	0	0	0	0	0	0	0	0.0987216873538	0	0.0412737048055	0	0	0	0	0	0	0	0
0	0	0	0	0	0	0	0	0	0	0	0	0	0	0	0	0	0	0	0	0	0	0	0	0	0	0	0	0	0	0	0	0	0	0	0	0	0	0	0	0	0	0	0	0	0
0	0	0	0	0	0	0	0	0	0	0	0	0	0	0	0	0	0	0	0	0	0	0	0	0	0	0	0	0	0	0	0	0	0	0	0	0	0	0	0	0.102180147144	0	0	0	0	0
0	0	0	0	0	0	0	0	0	0	0	0	0	0	0	0	0	0	0	0	0	0	0	0	0	0	0	0	0	0	0	0	0	0	0	0	0	0	0	0	0	0	0	0	0	0
0	0	0	0	0	0	0	0	0	0	0	0	0	0	0	0	0	0	0	0	0	0	0	0	0	0	0	0	0	0	0	0	0	0	0	0	0	0	0	0	0	0.0140700197247	0	0	0	0
0	0	0	0	0	0	0	0	0	0	0	0	0	0	0	0	0	0	0	0	0	0	0	0	0	0	0	0	0	0	0	0	0	0	0	0	0	0	0	0	0	0	0	0	0	0
0	0	0	0	0	0	0	0	0	0	0	0	0	0	0	0	0	0	0	0	0	0	0	0	0	0	0	0	0	0	0	0	0	0	0	0	0	0	0	0	0	0	0	0	0	0
0	0	0	0	0	0	0	0	0	0	0	0	0	0	0	0	0	0	0	0	0	0	0	0	0	0	0	0	0	0	0	0	0	0	0	0	0	0	0	0	0	0	0	0	0	0
0.0754651131336	0	0.0210783263764	0	0	0	0	0	0	0	0	0.0908743605312	0	0	0.115593769104	0.114303922787	0	0	0	0.0425613031925	0.0417859361214	0	0.000219408556112	0.0544562782866	0	0.0237157760774	0	0.00477648053441	0.00266371819333	0	0	0	0.00803497169537	0.0320000506375	0.0767199438498	0.01995012359	0.0405181673888	0	0	0	0.0614983492421	0.00517348007546	0.0168654062788	0.0710898208272	0.0480354580767	0.023403595344
0	0	0	0	0	0	0	0	0	0	0	0	0	0	0	0	0	0	0	0	0	0	0	0	0	0	0	0	0	0	0	0	0	0	0	0	0	0	0	0	0	0	0	0	0	0
0	0	0	0	0	0.0551383138234	0.00678997537017	0	0	0	0	0	0	0	0	0	0	0	0	0	0	0	0	0	0	0	0	0	0	0	0	0	0	0	0	0	0	0	0	0	0	0	0	0	0	0
0	0	0	0	0	0	0	0	0	0	0	0	0	0	0	0	0	0	0	0	0.0339457135174	0	0	0.0177726049992	0	0	0	0	0	0	0	0	0	0	0	0	0	0	0	0	0	0	0	0	0.0136779483286	0
0	0	0	0	0	0	0	0	0	0	0	0	0	0	0	0	0	0	0	0	0	0	0	0	0	0	0	0.0193092294	0	0	0	0	0	0	0	0	0	0	0	0	0	0	0	0	0	0
0	0	0	0	0.00628544662824	0	0	0	0	0	0	0	0	0	0	0	0	0	0	0	0	0	0	0	0	0	0	0	0	0	0	0	0	0	0	0	0	0.0828017723552	0	0	0	0	0	0	0	0
0	0	0.0750687749624	0	0	0	0	0	0	0	0	0.0436058735224	0.0445509957748	0	0	0	0	0	0	0	0	0	0.138295676559	0	0	0.000911750854196	0	0	0.00707600908072	0.000510687339784	0	0	0	0	0	0	0	0	0	0	0	0	0	0	0	0
0	0	0	0	0	0	0	0	0	0	0	0	0	0	0	0	0	0	0	0	0	0	0	0	0	0	0	0	0	0	0	0	0	0	0	0	0	0	0	0	0	0	0	0	0	0
0	0	0	0	0	0	0	0	0	0	0	0	0	0	0	0	0	0	0	0	0	0	0	0	0	0	0	0	0	0	0	0	0	0	0	0	0	0	0	0	0	0	0	0	0	0
0	0	0.0322044934588	0	0	0	0	0	0.0625973235032	0	0	0	0	0	0	0	0	0	0	0	0	0.0267873646378	0	0	0	0.060245824943	0	0	0.0251543061842	0.0252268896068	0.0383093676794	0.0361131016411	0	0	0	0	0	0	0	0	0.0197396062728	0	0	0	0	0
0	0	0	0	0	0	0	0	0	0	0	0	0	0	0	0.0528389512315	0	0	0	0	0	0	0	0	0	0	0	0	0	0	0	0	0	0	0	0	0	0	0	0	0	0	0	0	0	0
0	0	0	0	0	0	0	0	0	0	0	0	0	0	0	0	0	0	0	0	0	0	0	0	0	0	0	0	0	0	0	0	0	0	0	0	0	0	0	0	0	0	0	0	0	0
0	0	0	0	0	0	0	0	0	0	0	0	0	0	0	0	0	0	0	0	0	0	0	0	0	0	0	0	0	0	0	0	0	0	0	0	0	0	0	0	0	0	0	0	0	0
0	0	0	0	0	0	0	0	0	0	0	0	0	0	0	0	0	0	0	0	0	0	0	0	0	0	0	0	0	0	0	0	0	0	0	0	0	0	0	0	0	0	0	0	0	0
0	0	0	0	0	0	0	0	0	0	0	0	0	0	0	0	0	0	0	0	0	0	0	0	0	0	0	0	0	0	0	0	0	0	0	0	0	0	0	0	0	0	0	0	0	0
0	0	0	0	0	0	0	0	0	0	0	0	0	0	0	0	0	0	0	0	0	0	0	0	0	0	0	0	0	0	0	0	0	0	0	0	0	0	0	0	0	0	0	0	0	0
0	0	0	0	0	0	0	0	0	0	0	0	0.0112648140722	0.159625314778	0	0	0	0	0	0	0	0	0	0	0	0	0	0	0	0	0	0	0	0	0	0	0	0	0	0	0	0	0	0	0	0
0	0	0	0	0	0	0	0	0	0.0811490842847	0	0	0	0	0	0	0	0	0	0	0	0	0	0	0	0	0	0	0	0	0	0	0	0	0	0	0	0	0	0	0	0	0	0	0	0
0	0	0	0	0	0	0	0	0	0	0	0	0	0	0	0	0	0	0	0	0	0	0	0	0	0	0	0	0	0	0	0	0	0	0	0	0	0	0	0	0.0126489098023	0	0	0	0	0
0	0	0	0	0	0	0	0	0	0	0	0	0	0	0	0	0	0.00429654885265	0	0	0	0	0	0	0	0	0	0	0	0	0	0	0	0	0	0	0	0	0	0	0	0	0	0	0	0
0	0	0	0	0	0	0	0	0	0	0	0	0	0	0	0	0	0	0	0	0	0	0	0	0	0	0	0	0	0	0	0	0	0	0	0	0	0	0	0.00112343927952	0	0	0	0	0	0
0	0	0	0	0	0	0	0	0	0	0	0	0	0	0	0	0	0	0	0	0	0	0	0	0	0	0	0	0	0	0	0	0	0	0	0	0	0	0	0	0	0	0	0	0	0
0	0	0	0	0	0	0	0	0	0	0	0	0	0	0	0	0	0	0	0	0	0	0	0	0	0	0	0	0	0	0	0	0	0	0	0	0	0	0	0	0	0	0	0	0	0
0	0	0	0	0	0	0	0	0	0	0	0	0	0	0	0	0	0	0	0	0	0	0	0	0	0	0	0	0	0	0	0	0	0	0	0	0	0	0	0.0722027924973	0	0	0	0	0	0
0	0	0	0	0	0	0	0	0	0	0	0.147575988962	0	0	0	0	0	0	0	0	0	0	0	0	0	0	0	0	0	0	0	0	0	0	0	0	0	0	0	0	0	0	0	0	0	0
0	0	0	0	0	0	0	0	0	0	0	0	0	0	0	0	0	0	0	0	0	0	0	0	0	0	0	0	0	0	0	0	0	0	0	0	0	0	0	0	0	0	0	0	0	0
0	0	0	0	0	0	0	0	0	0	0	0	0	0	0	0	0	0	0	0	0	0	0	0	0	0	0	0	0	0	0	0	0	0	0	0	0	0	0	0	0	0	0	0	0	0
0	0	0	0	0	0	0	0	0	0	0	0.0171841641432	0	0	0	0	0	0	0	0	0	0	0	0	0	0	0	0	0	0	0	0	0	0	0	0	0	0	0	0	0.011644749904	0.0393094140316	0	0	0	0
0	0	0	0	0	0	0	0	0	0	0	0	0	0	0	0	0	0	0.137542777533	0.0338496830849	0.0449543739142	0	0	0	0	0	0	0	0	0	0	0	0	0	0	0	0	0	0	0	0	0	0.0774020135753	0	0	0.0381819573045
0	0	0	0	0	0	0	0	0	0	0	0	0	0	0	0	0	0	0	0	0	0	0	0	0	0	0	0	0	0	0	0	0	0	0	0	0	0	0.138359710173	0	0	0	0	0	0	0
0	0	0	0	0	0	0	0	0	0	0	0	0	0	0	0	0	0	0	0	0	0	0	0	0	0	0	0	0	0	0	0	0	0	0	0	0	0	0	0	0	0	0	0	0	0
0	0	0	0	0	0	0	0	0	0	0	0	0	0	0	0	0	0	0	0	0	0	0	0	0	0	0	0	0	0	0	0	0	0	0	0	0	0	0	0	0	0.128535588409	0.079286464293	0	0	0
0	0	0	0	0	0	0	0	0	0	0	0	0	0	0	0	0	0	0	0	0	0	0	0	0	0	0	0	0	0	0	0	0	0	0	0	0	0	0	0.0241805839444	0	0	0	0	0	0
0	0	0	0	0	0	0	0	0	0	0	0	0	0	0	0	0	0	0	0	0	0	0	0	0	0	0	0	0	0	0	0	0	0	0.0784053243946	0	0	0	0	0	0	0	0	0	0	0
0	0	0	0	0	0	0	0	0	0	0	0	0	0	0	0	0	0	0	0	0	0	0	0	0	0	0.0626759893888	0.0479363428465	0	0	0	0	0	0	0	0	0.0479187499499	0.0377913245996	0.0162995758732	0	0	0	0	0	0	0
0	0	0	0	0	0	0	0	0	0	0	0	0	0	0	0	0	0	0	0	0	0	0	0	0	0	0	0	0	0	0	0	0	0	0	0	0	0	0	0	0	0	0	0	0	0
0	0	0	0	0	0	0	0	0	0	0.0274983236703	0	0	0	0	0.0210413530406	0	0	0	0	0	0	0	0	0	0	0	0	0	0	0	0	0	0	0	0	0	0	0	0	0	0	0	0	0	0
0	0	0	0	0	0	0	0	0	0	0	0	0	0	0	0	0	0	0	0	0	0	0	0	0	0	0	0	0	0	0	0	0	0	0	0	0	0	0	0	0	0	0	0	0	0
0	0	0	0	0	0	0	0	0	0	0	0	0	0	0	0	0	0	0	0	0	0	0	0	0	0	0	0	0	0	0	0	0	0	0	0	0	0	0	0	0	0	0	0	0	0
0	0	0	0	0	0	0	0	0	0	0	0	0	0	0	0	0	0	0	0	0	0	0	0	0	0	0	0	0	0	0	0	0	0	0	0	0	0	0	0	0	0	0	0	0	0
0	0	0.0292754229774	0	0	0	0	0	0	0	0	0	0	0	0	0	0	0	0	0	0	0	0	0	0	0	0	0	0	0	0	0	0	0	0	0	0	0	0	0	0	0	0	0	0	0
0	0	0	0	0	0	0	0	0	0	0	0	0	0	0	0	0	0	0	0	0	0	0	0	0	0	0	0	0	0	0	0	0	0	0	0	0	0	0	0	0	0	0	0	0	0
0	0	0	0	0	0	0	0	0	0	0	0	0	0	0	0	0	0	0	0	0	0	0	0	0	0	0	0.00350432457671	0	0	0	0	0	0	0	0	0	0	0	0	0	0	0	0	0	0
0	0	0	0	0	0	0	0	0	0	0	0	0	0	0	0	0	0	0	0	0	0	0	0	0	0	0	0	0	0	0	0	0	0	0	0	0	0	0	0	0	0	0	0	0	0
0	0	0	0	0	0	0	0	0	0	0	0	0	0	0	0	0	0	0	0	0	0	0	0.000707347327505	0.0114685305794	0	0	0	0	0	0	0	0	0	0	0	0	0	0	0	0	0	0	0	0	0
0	0	0	0	0	0	0	0	0	0	0	0	0	0	0	0	0	0	0	0	0	0	0	0	0	0	0	0	0	0	0	0	0	0	0	0	0	0	0	0	0	0	0	0	0	0
0	0	0	0	0	0	0	0	0	0	0	0	0	0	0	0	0	0	0	0	0	0	0	0	0	0	0	0	0	0	0	0	0	0	0	0	0	0	0	0	0	0	0	0	0	0
0	0	0	0	0	0	0	0	0	0	0	0	0	0	0	0	0	0	0	0	0	0	0	0	0	0	0	0	0	0	0	0	0	0	0	0	0	0	0	0	0	0	0	0	0	0
0	0	0	0	0	0	0	0	0	0	0	0	0	0	0	0	0.00620465979547	0	0	0	0	0	0	0	0	0	0	0	0	0	0.0993970988351	0.0202697085735	0.0564641631827	0	0	0	0	0	0	0	0	0	0	0	0	0
0	0	0	0	0	0	0	0	0	0	0	0	0	0	0	0	0	0	0	0	0	0	0	0	0	0	0	0	0	0	0	0	0	0	0	0	0	0	0	0	0	0	0	0	0	0
0	0	0	0	0	0	0	0	0	0	0	0	0	0	0	0	0	0	0	0	0	0	0	0	0	0	0	0	0	0	0	0	0	0	0	0	0	0	0	0	0	0	0	0	0	0
0	0	0	0	0	0	0	0	0	0	0	0	0	0	0	0	0	0	0	0	0	0	0	0	0	0	0	0	0	0	0	0	0	0	0	0	0	0	0	0	0	0	0	0	0	0
0	0	0	0	0	0	0	0	0	0	0	0	0	0	0	0	0	0	0	0	0	0	0	0	0	0	0	0	0	0	0	0	0	0	0	0	0	0	0	0	0	0	0	0	0	0
0.0798928094053	0	0	0	0	0	0	0	0	0	0	0	0	0	0	0	0	0	0	0	0	0	0	0	0	0	0	0	0	0	0	0	0.00168509517359	0.0445326088103	0	0	0.0603804743148	0	0	0	0.0457181118507	0	0	0	0	0
0	0.149220025483	0	0.0527867269946	0	0	0	0	0	0	0	0	0	0	0	0	0	0	0	0	0	0	0	0	0	0	0	0	0	0	0	0	0	0	0	0.109882114988	0	0	0	0	0	0	0	0	0	0
0	0	0	0	0	0	0	0	0	0	0	0	0	0	0	0	0	0	0	0	0	0	0	0	0	0	0	0	0	0	0	0	0	0	0	0	0	0	0	0	0	0	0	0	0	0
0	0	0	0	0.0517206546208	0	0.0342296280588	0	0	0	0	0	0	0	0	0	0	0	0	0	0	0	0	0	0	0	0	0	0	0	0	0	0	0	0	0	0	0	0	0	0	0	0	0	0	0
0	0	0	0	0	0	0	0	0	0	0	0	0	0	0	0	0	0	0	0.09177788084	0.00936580040772	0	0	0	0	0	0	0	0	0	0	0	0.0218595707601	0.0487385366373	0.0516501119148	0	0	0	0	0	0	0.283802800196	0	0	0	0
0	0	0	0	0	0	0	0	0	0	0	0	0	0	0	0	0	0.0103523508104	0	0	0	0	0	0	0	0	0	0	0	0	0	0	0	0	0	0	0	0	0	0	0	0	0	0	0	0
0	0	0	0	0	0	0	0	0	0	0	0	0	0	0	0	0	0	0	0	0	0	0	0.130100847265	0	0	0	0	0	0	0	0	0	0	0	0	0	0	0	0	0	0	0	0	0	0
0	0	0	0.106380837573	0	0	0	0.013590182009	0.0223147640447	0	0	0	0	0	0	0	0	0	0	0	0	0	0	0	0	0	0	0	0	0	0	0	0	0	0	0	0	0	0	0	0	0	0	0	0	0
0	0.0540946695169	0	0	0	0.010357362203	0.0148230118274	0	0	0	0	0	0	0	0.025892570752	0	0.00272700420321	0	0	0	0	0	0	0.0183806133164	0	0	0	0	0	0	0.0699168676357	0	0	0	0	0.00789944914395	0	0	0	0	0	0	0	0	0.0420816774147	0
0	0	0	0	0	0	0	0	0	0	0	0	0	0	0	0	0	0	0	0	0	0	0	0	0	0	0.00242761202798	0	0	0	0	0	0	0	0	0	0	0	0	0	0	0	0	0	0	0
0	0	0	0	0	0	0	0	0	0	0	0	0.224735326754	0	0	0	0.0435913685062	0	0	0	0	0	0	0	0	0	0	0	0	0	0	0	0	0	0	0	0	0	0	0	0	0	0	0	0	0
0	0	0	0	0	0	0	0	0	0	0	0	0	0	0	0	0	0	0	0	0	0	0	0	0	0	0	0.113266242289	0	0	0	0	0	0	0	0	0	0.0122707747854	0	0	0	0	0	0	0	0
0	0	0	0	0	0	0	0	0	0	0	0	0	0	0	0	0	0	0	0	0	0	0	0	0	0	0.0146264283816	0	0	0	0	0	0	0	0	0	0	0	0	0	0	0	0	0	0	0
0	0	0	0	0	0	0	0	0	0	0	0	0	0	0	0	0	0	0	0	0	0	0	0	0	0	0	0	0	0	0	0	0	0	0	0	0	0	0	0	0	0	0	0	0	0
0	0	0	0	0	0	0	0	0	0	0	0	0	0	0	0	0	0	0	0	0	0	0	0	0	0	0	0	0	0	0	0	0.0351675322285	0	0	0	0	0.0191115645073	0	0	0	0	0	0	0	0
0	0	0	0	0	0	0	0	0	0	0	0	0	0	0	0	0	0	0	0	0	0	0	0	0	0	0	0	0	0	0	0	0	0	0	0	0	0	0	0.158105794812	0	0	0	0	0	0
0	0	0	0	0	0	0	0.185495698785	0	0	0	0	0	0	0	0	0	0	0	0	0	0	0	0	0	0	0	0	0	0	0	0	0	0	0	0	0	0	0	0	0	0	0	0	0	0
0	0	0	0	0	0	0	0	0	0	0	0	0	0	0	0	0	0	0	0	0	0	0	0	0	0	0.0143170296689	0	0	0	0	0	0	0	0	0	0	0	0	0	0	0	0	0	0	0
0	0	0	0	0	0	0	0	0	0	0	0	0	0	0	0	0	0	0	0	0	0	0	0	0	0	0	0	0	0	0	0	0	0	0	0	0	0	0	0	0	0	0	0	0	0
0	0	0	0	0.00591892964469	0	0	0	0	0	0	0	0	0	0	0	0	0	0	0	0	0	0	0	0	0	0	0	0	0	0	0	0	0	0	0	0	0	0	0	0	0	0	0	0	0
0	0	0	0	0	0	0	0	0	0	0	0	0	0	0	0	0	0	0	0	0	0	0	0	0	0	0	0	0	0	0	0	0	0	0	0	0	0	0	0	0	0	0	0	0	0
0	0	0	0	0	0	0	0	0	0	0	0.0741701265945	0	0	0	0	0	0	0	0	0	0	0	0	0	0	0.0978525171224	0	0	0	0	0	0	0	0	0	0	0	0	0	0	0	0	0	0	0
0	0	0	0	0	0	0	0	0	0	0	0	0	0	0	0	0	0	0	0	0	0	0	0	0	0	0	0	0	0	0	0	0	0	0	0	0	0	0	0	0	0	0	0	0	0
0	0	0	0	0	0	0	0	0	0	0	0	0	0	0	0	0	0	0	0	0	0	0	0	0	0	0	0	0	0	0	0	0	0	0	0	0	0	0	0	0	0	0	0	0	0
0	0	0	0	0	0	0	0	0	0	0	0	0	0	0	0	0	0	0	0	0	0	0	0	0	0	0	0	0	0	0	0	0	0	0	0	0	0	0	0	0	0	0	0	0	0
0	0	0	0	0	0	0	0	0	0	0	0	0	0	0	0	0	0.00645034260317	0	0.0109532795668	0.0143375887731	0.0248960482005	0	0	0	0	0	0	0	0	0	0	0	0	0	0	0	0	0	0	0	0	0	0	0	0
0	0	0	0	0	0	0	0	0	0	0	0	0	0	0	0	0	0	0	0	0	0	0	0	0	0	0	0	0	0	0	0	0	0	0	0	0	0	0	0	0	0	0	0	0	0
0	0	0	0	0	0	0	0	0	0	0	0	0	0	0.0477243029265	0	0	0	0	0	0	0	0	0	0.0991550518231	0	0	0	0	0	0	0	0	0	0	0	0	0	0	0	0	0	0	0	0	0
0	0	0	0	0	0	0	0	0	0	0	0	0	0	0	0	0	0	0	0	0	0	0	0	0	0	0	0	0	0	0	0	0	0	0	0	0	0	0	0	0	0	0	0	0	0
0	0	0	0	0	0	0	0	0	0	0	0	0	0	0	0	0	0	0	0	0	0	0	0.069708731608	0	0	0	0	0	0	0	0	0	0	0	0	0	0.0782307747169	0.0332622484865	0.00527057181325	0	0	0	0	0	0
0	0	0	0	0	0	0.0113049534798	0	0	0	0	0	0	0	0	0	0	0	0	0	0	0	0	0	0	0	0	0	0	0	0	0	0	0	0	0	0	0	0	0	0	0	0	0	0	0
0	0	0	0	0	0	0	0	0	0	0	0	0	0	0	0.0655319993676	0	0	0	0	0	0	0	0	0	0	0	0	0.0305886679722	0	0	0	0	0	0	0	0	0	0	0	0	0	0	0	0	0
0.0433538791982	0.0245199713077	0.0074941496928	0.0446702290655	0.0227707075371	0	0.0023108308086	0.0236113640355	0	0.0420343127354	0	0.177389243937	0.0923908534791	0.0714593094013	0	0	0	0	0	0	0	0	0	0.116692655008	0.102671991879	0	0	0	0	0	0	0	0	0	0.0459642183097	0	0.0782896376283	0	0	0.0682898133944	0	0	0	0	0	0
0	0	0	0	0	0	0	0	0	0	0	0	0	0	0	0	0	0	0	0	0	0	0	0	0	0	0	0	0	0	0	0	0	0	0	0	0	0	0	0	0	0	0	0	0	0
0	0	0	0	0	0	0	0	0	0	0	0	0	0	0	0	0	0	0	0	0	0	0	0	0	0	0	0	0	0	0	0	0	0	0	0	0	0	0	0	0	0	0	0	0	0
0	0	0	0	0	0.00223934853936	0	0	0	0	0	0	0	0	0	0	0	0	0	0	0	0	0	0	0	0	0	0	0	0	0	0	0	0	0	0	0	0	0	0	0	0	0	0	0	0
0	0	0	0.0127551551249	0	0	0	0	0	0	0	0	0	0	0	0	0	0	0	0	0	0	0	0	0	0	0	0	0	0	0	0	0	0	0	0	0	0	0	0	0	0	0	0	0	0
0	0	0	0	0	0	0	0	0	0	0	0	0	0	0	0	0	0	0	0	0	0	0	0	0	0	0	0	0	0	0	0	0	0	0	0	0	0	0	0	0	0	0	0	0	0
0	0	0	0	0	0	0	0	0	0	0	0	0	0	0	0	0	0	0.00903383997429	0	0	0	0	0	0.0185553615907	0	0	0	0	0	0	0	0	0	0	0	0	0	0	0	0	0	0	0	0	0
0	0	0	0	0	0	0	0	0	0	0	0	0	0	0	0	0	0	0	0	0	0	0	0	0	0	0	0	0	0	0	0.0216733181502	0	0	0	0	0	0	0	0.0102527934101	0	0	0	0	0	0
0	0	0	0	0	0	0	0	0	0	0	0	0	0	0	0.0156278292777	0.0204225945369	0	0	0	0	0	0	0	0	0	0	0	0	0	0	0	0	0.0566799523618	0	0	0	0	0	0	0	0	0	0	0	0
0	0	0	0	0	0	0	0	0	0	0	0	0	0	0	0	0	0	0	0	0	0	0	0	0	0	0	0	0	0	0	0.0013560789689	0.0846009253961	0	0	0	0	0	0	0	0.00162451271697	0	0	0	0	0.0236710264172
0	0	0	0	0	0	0	0	0	0	0	0	0	0	0	0	0	0	0	0	0	0	0	0	0	0	0	0.0263357695136	0.0300107204819	0	0	0	0	0	0	0	0	0.00817922585935	0	0	0	0	0	0	0	0
0	0	0	0	0	0	0	0	0	0	0	0	0	0	0	0	0	0	0	0	0	0	0	0	0	0	0	0	0	0	0	0	0	0	0	0	0	0	0	0	0	0	0	0	0	0
0	0	0	0	0	0	0	0	0	0	0	0	0	0	0	0	0	0	0	0	0	0	0	0	0	0	0	0	0.00258753249577	0	0	0	0.0580064749487	0	0	0.0345780817499	0.0541618772913	0.0454272170686	0	0	0	0	0	0	0	0
0	0	0	0	0	0	0	0	0	0	0	0	0	0	0	0	0	0	0	0	0	0	0	0	0	0	0	0	0	0	0	0	0	0	0	0	0	0	0	0	0	0	0	0	0	0
0	0	0	0	0	0	0	0	0	0	0	0	0	0	0	0	0	0	0	0	0	0	0	0	0	0	0	0	0	0	0	0	0	0	0	0	0	0	0	0	0	0	0	0	0	0
0	0	0	0	0	0	0	0	0	0	0	0	0	0	0	0	0	0	0	0	0	0	0	0	0	0	0	0	0	0	0	0	0	0	0	0	0	0	0	0	0	0	0	0	0	0
0	0	0	0	0	0	0	0	0	0	0	0	0	0	0	0	0	0	0	0.0247379313103	0	0	0	0	0	0	0	0	0	0	0	0	0	0	0	0	0	0	0	0	0.148728448782	0	0	0	0	0
0	0	0	0	0	0	0	0	0	0	0	0	0	0	0	0	0	0	0	0	0	0	0	0	0	0	0	0	0	0	0	0	0	0	0	0	0	0	0	0	0	0	0	0	0	0
0	0	0	0	0	0	0	0	0	0	0	0	0	0	0	0	0	0	0	0	0	0.0361757945715	0	0	0	0	0	0	0	0	0	0	0	0	0	0	0	0	0	0	0	0	0	0	0	0
0	0	0	0.0360780220426	0	0	0	0	0.159971834027	0.051982101065	0.0734379791007	0	0	0	0	0	0	0.0371977327278	0	0	0	0	0	0.097706600472	0	0.0663088193915	0.0541859375646	0	0	0	0	0	0	0	0	0	0	0	0	6.17239248383e-05	0	0	0	0	0	0
0	0	0	0	0	0	0	0	0	0	0	0	0	0	0	0	0	0	0	0	0	0.0514148058287	0	0	0	0	0	0	0	0	0	0	0	0	0	0	0	0	0	0	0	0	0.0416810465572	0	0	0
0	0	0	0	0	0	0	0	0	0	0	0	0	0	0	0	0	0	0	0	0	0	0	0	0	0	0.00132836674758	0	0	0	0	0	0	0	0	0	0	0	0	0	0	0	0	0	0	0
0	0	0	0	0	0	0	0	0	0	0	0	0	0	0	0	0	0	0	0	0	0	0	0	0	0	0.180836890914	0	0	0.0999766481518	0	0	0	0	0	0	0	0	0	0	0	0	0	0	0	0
0	0	0	0	0	0	0.026870408606	0	0	0	0	0	0	0	0	0	0	0	0	0	0	0	0	0	0	0	0	0	0	0	0	0	0	0.0322500315751	0	0	0	0	0	0	0.0120957928179	0	0	0	0	0
0	0	0	0	0	0	0	0	0	0	0	0	0	0	0	0	0	0	0	0	0	0	0	0	0	0	0	0	0	0	0	0	0	0	0	0	0	0	0	0	0	0	0	0	0	0
0	0	0	0	0	0	0	0	0	0	0	0	0	0	0	0	0	0	0	0	0	0	0	0	0	0	0	0	0	0	0	0	0	0	0	0	0	0	0	0	0	0	0	0	0	0
0	0	0	0	0	0	0	0	0	0	0	0	0	0	0	0	0	0	0	0	0	0	0	0	0	0	0	0	0	0	0	0	0	0	0	0	0	0	0	0	0	0	0	0	0	0
0	0	0	0	0	0	0	0	0	0	0	0	0	0	0	0	0	0	0	0	0	0	0	0	0	0	0	0	0	0	0	0	0	0	0	0	0	0	0	0	0	0	0	0	0	0
0	0	0	0	0	0	0	0	0	0	0	0	0	0	0	0	0	0	0	0	0	0	0	0	0	0	0	0	0	0	0	0	0	0	0	0	0	0	0	0	0	0	0	0	0	0
0	0	0	0	0	0	0	0.114189357388	0	0	0	0	0	0	0	0	0	0.0398747881605	0	0	0	0	0	0	0.158654430624	0	0	0	0	0	0	0	0	0	0	0	0	0	0	0	0	0.000790369947733	0	0	0	0
0	0	0	0	0	0	0	0	0	0	0	0	0	0	0	0	0	0	0	0	0	0	0	0	0	0	0	0	0	0	0	0	0	0	0	0	0	0	0	0	0	0	0	0	0	0
0	0	0	0	0	0	0	0	0	0	0	0	0	0	0	0	0	0	0	0	0	0	0	0	0	0	0	0	0	0	0	0	0	0	0	0	0	0	0	0	0	0	0	0	0	0
0	0	0	0	0	0	0	0	0	0	0	0	0	0	0	0	0	0	0	0	0	0.00489185386169	0.0163295330354	0	0	0	0	0	0	0	0	0	0	0	0	0	0	0	0.0303162320747	0	0	0	0	0.111417001857	0	0
0.103657467574	0.103889202331	0	0	0	0	0	0	0	0	0	0.0103662192578	0	0	0.0716638620973	0.0792582927262	0.00133857040118	0	0.0300599710916	0.0693485646526	0	0	0	0	0	0	0.0149741823406	0.010445318901	0	0	0	0	0	0	0	0.0190176661534	0.00806593304658	0	0	0	0	0.0588903764132	0.0537678003433	0	0	0
0	0	0	0	0	0	0	0	0	0	0	0	0	0	0	0	0	0	0	0	0	0	0	0	0	0	0	0	0	0	0	0	0	0	0	0	0	0	0	0	0	0	0	0	0	0
0	0	0	0	0	0	0	0	0	0	0	0	0	0	0	0	0	0	0	0	0	0	0	0	0	0	0	0	0	0	0	0	0	0	0	0	0	0	0	0	0	0	0	0	0	0
0.0223956259888	0	0	0	0.0204066777878	0.0449408857974	0	0.0147112528927	0	0	0	0	0	0	0	0	0	0	0	0	0	0	0	0	0	0	0.0137204675922	0	0.00825851562557	0	0	0	0	0	0	0	0.0577962178802	0	0	0.00882205482702	0	0	0	0	0	0
0	0	0	0	0	0	0	0	0.0118533372236	0	0	0	0	0	0	0	0	0	0	0	0	0	0	0	0.00320969661382	0.0515340906206	0.0193838602679	0	0	0	0	0	0	0	0	0	0	0	0.109607029899	0	0	0	0	0	0.0697952839145	0
0	0	0	0	0	0	0	0	0.157287801276	0	0.0347922299299	0	0	0	0	0	0	0	0	0	0	0	0	0	0	0	0	0	0	0	0	0	0	0	0	0	0	0	0	0	0	0	0	0	0	0
0	0	0	0	0	0	0	0	0	0	0	0	0	0	0	0	0	0	0	0	0	0.0964348385595	0	0	0	0	0	0	0	0	0	0.00861314205444	0	0	0	0	0	0	0	0	0	0	0	0	0	0
0	0	0	0	0	0	0	0	0	0	0	0	0	0	0	0	0.0212499108147	0.00333151289853	0	0	0	0	0	0.024908378603	0	0	0	0	0	0	0	0	0	0	0	0	0	0	0	0	0	0	0	0	0	0
0	0	0	0	0	0	0.0356862515187	0	0	0	0	0	0	0	0	0	0	0	0	0	0	0.0525642105787	0	0	0.0963426442048	0	0	0	0	0	0	0	0.0057993755937	0	0	0	0	0	0	0	0.00818261407201	0	0	0	0	0
0	0	0	0	0	0	0	0	0	0	0	0	0	0	0	0	0	0	0	0	0	0	0	0	0	0	0	0	0	0	0	0.00551425088985	0	0	0	0	0	0	0	0	0	0	0	0	0.0653685291954	0
0	0	0	0	0	0	0	0	0	0	0	0	0	0	0	0	0	0	0	0	0	0	0	0	0	0	0	0	0	0	0	0	0	0	0	0	0	0	0	0	0	0	0	0	0	0
0	0	0	0	0	0	0	0	0	0	0	0	0	0	0.216579216971	0	0	0	0	0	0	0	0.172051945624	0	0.0686785983486	0	0	0	0	0	0	0	0	0	0	0	0	0	0	0.0875677318895	0.0446607163344	0	0.171337910176	0	0	0
0	0	0	0	0	0	0	0	0	0	0	0	0	0	0	0	0	0	0	0.0712532703523	0	0	0	0	0	0	0	0	0	0	0	0	0	0	0	0	0	0	0	0	0	0	0	0	0	0
0	0	0	0	0	0	0	0	0	0	0	0	0	0	0	0	0	0.0606600291152	0	0	0	0	0	0	0	0	0	0	0	0	0	0	0	0	0	0	0	0	0	0	0.00740673761623	0	0	0	0.0903083794035	0
0	0	0	0	0	0	0	0	0	0	0	0	0	0	0	0	0	0	0	0	0	0	0	0	0	0	0	0	0	0	0	0	0	0	0	0	0	0	0	0	0	0	0	0	0	0
0	0	0	0	0	0	0	0	0	0	0	0	0	0	0	0	0	0	0	0	0	0	0	0	0	0	0	0	0	0	0	0	0	0	0	0	0	0	0	0	0	0	0	0	0	0
0	0	0	0	0	0	0	0.0369974503217	0	0	0.126679372303	0	0	0	0	0	0	0	0	0	0	0	0	0	0	0	0	0	0	0	0	0	0	0	0	0	0	0	0	0	0	0	0	0	0	0
0	0	0	0	0	0	0	0	0	0	0	0	0	0	0	0	0	0.0117375921902	0	0	0	0	0	0	0	0	0	0	0	0	0	0	0	0	0	0	0	0	0	0	0	0	0	0	0	0
0	0	0	0	0	0	0	0	0	0	0	0	0	0	0	0	0	0	0	0	0	0	0	0	0	0	0	0	0	0	0	0	0	0	0	0	0	0	0	0	0	0	0	0	0	0
0	0	0	0	0	0	0	0	0	0	0	0	0	0	0	0	0	0	0	0	0	0	0	0	0	0	0	0	0	0	0	0	0	0	0	0	0	0	0	0	0	0	0	0	0	0
0	0	0	0	0	0	0	0	0	0	0	0	0	0	0	0	0	0	0	0	0	0	0	0	0	0	0	0.209132444975	0	0	0	0	0	0	0	0	0	0	0	0	0	0	0	0	0	0
0	0	0	0	0	0	0	0	0	0	0	0	0	0	0	0	0	0	0	0	0	0	0	0	0	0	0	0	0	0	0	0	0	0	0	0	0	0	0.0171076725499	0	0	0	0	0	0	0
0	0	0	0	0	0	0	0	0	0	0	0	0	0	0.0765280750173	0	0	0	0	0	0	0	0	0	0	0	0	0	0	0	0	0	0	0	0	0	0	0	0	0	0	0	0	0	0	0
0	0	0	0	0	0	0	0	0	0	0	0	0	0	0	0	0	0	0	0	0	0	0	0	0	0	0	0	0	0	0	0	0	0	0	0	0	0	0	0	0	0	0	0	0	0
0	0	0	0	0	0	0	0.0736889257574	0	0	0.0705880082729	0.0537826046553	0.141965660651	0	0	0	0	0	0	0	0	0	0	0	0	0	0	0	0	0	0	0	0	0	0	0	0	0	0	0	0	0	0	0	0	0
0	0	0	0	0	0	0	0	0	0	0	0	0	0	0	0	0	0	0	0	0	0	0	0	0	0	0	0	0	0	0	0.0690652160932	0	0	0	0	0	0	0	0	0	0	0	0	0	0
0	0	0	0	0	0	0	0	0	0	0	0	0	0	0	0	0	0	0	0	0	0	0.0013975243242	0	0	0	0	0	0	0	0	0	0	0	0	0	0	0	0	0	0	0	0	0	0	0
0	0	0	0	0	0	0	0	0	0	0	0	0	0	0	0	0	0	0	0	0	0	0	0	0	0	0	0	0	0	0	0	0	0	0	0	0	0	0	0	0	0	0	0	0	0
0	0	0	0	0	0	0	0	0	0	0	0	0	0	0	0	0	0	0	0	0	0	0	0	0	0	0	0	0	0	0	0	0	0	0	0	0	0	0	0	0	0	0	0	0	0
0	0	0	0	0	0	0	0	0	0	0	0	0	0	0	0	0	0	0	0	0	0	0	0	0	0	0	0.0124787143562	0	0	0	0	0	0	0	0	0	0	0	0	0	0	0	0	0	0
0	0	0	0	0	0	0	0	0	0	0	0	0	0	0	0	0	0	0	0	0	0	0	0	0	0	0	0	0	0	0	0	0	0	0	0	0	0	0	0	0	0	0	0	0	0
0	0	0	0	0	0	0	0	0	0	0	0	0	0	0	0.000895673159178	0	0	0	0	0	0	0	0	0	0	0	0	0	0	0	0	0	0	0	0	0	0	0	0.0325890212888	0	0	0	0	0	0
0.0248300270065	0.0048010200384	0.0953254922275	0	0	0	0	0	0	0	0	0	0	0	0	0	0	0	0	0	0	0	0	0	0	0	0	0	0	0	0	0	0	0	0	0	0	0	0	0	0	0	0	0	0	0
0	0	0	0	0	0	0	0	0	0	0	0	0	0	0	0	0	0	0	0	0	0	0	0	0	0	0	0	0	0	0	0	0	0	0	0	0	0	0	0	0	0	0	0	0	0
0	0	0	0	0	0	0	0	0	0	0	0	0	0	0	0	0	0	0	0	0	0	0	0	0	0	0	0	0	0	0	0	0	0	0	0	0	0	0	0	0	0	0	0	0	0
0	0	0	0	0	0	0	0	0	0	0	0	0	0	0	0	0	0	0	0	0	0	0	0	0	0	0	0	0	0	0	0.0216993368674	0	0	0	0	0	0	0	0	0	0	0	0	0	0
0	0	0	0	0	0	0	0	0	0	0	0	0	0	0	0	0	0	0	0	0	0	0	0	0	0	0	0	0	0	0	0	0	0	0	0	0	0	0	0	0	0	0	0	0	0
0	0	0	0	0	0	0	0	0	0	0	0	0	0	0	0	0	0	0	0	0	0	0	0	0	0	0	0	0	0	0	0	0	0	0	0	0	0	0	0	0	0	0	0	0	0
0	0	0	0	0	0.00725905330508	0	0	0	0	0	0	0	0	0	0	0	0	0	0	0	0	0	0	0	0	0	0	0	0	0	0	0	0	0	0	0	0	0	0	0	0	0	0	0	0
0	0	0	0	0	0	0	0	0	0	0	0	0	0	0	0	0	0	0	0	0	0	0	0	0	0	0	0	0	0	0.0352638907079	0	0	0	0	0	0	0	0	0	0	0	0	0	0	0
0	0	0	0	0	0.00337950853244	0	0	0	0	0	0	0	0	0	0	0.0369555952034	0	0.052148708728	0	0	0	0	0	0	0	0	0	0	0	0	0	0	0	0	0	0	0	0	0	0	0	0	0	0	0
0	0	0	0	0	0	0.00418199012178	0	0	0	0	0	0	0	0.0512723327389	0.146296832686	0.00649904866117	0.0371019652506	0.0579257693305	0	0.0302476051009	0	0.076161684331	0	0	0	0.0863542990645	0	0	0	0	0.0424337820638	0	0	0	0	0	0	0	0.0135108165777	0	0	0	0	0	0.0577861405206
0	0	0	0	0	0	0	0	0	0	0	0	0	0	0	0.00297361662601	0.0065312516311	0	0	0	0	0	0	0	0	0	0	0	0	0.00909311961092	0	0	0	0	0	0	0	0	0.0858530391961	0	0	0	0	0	0	0
0	0	0	0.00595098012034	0	0	0	0	0	0	0	0	0	0	0	0	0	0	0	0	0	0	0	0	0	0	0	0	0	0	0	0	0	0	0	0	0	0	0	0	0	0	0	0	0	0
0	0	0	0	0	0	0	0	0	0	0	0	0	0	0	0.00751814258976	0	0.0206929730485	0	0.00485024549609	0.0669625639645	0	0	0	0	0	0	0	0	0.00365144366034	0	0	0	0	0	0	0	0	0	0	0	0	0	0	0	0
0.0854899922184	0.119492434051	0.040031634496	0.00381081666351	0	0.00314402283066	0	0	0	0	0	0	0	0	0.00804835508328	0	0.0428462546923	0	0	0	0	0	0	0	0	0.0190654089532	0	0	0	0	0	0	0.00861575763424	0	0	0	0	0	0	0.0571327831149	0	0	0	0	0	0
0	0	0	0	0	0	0	0	0	0	0	0	0	0	0	0	0	0	0	0	0	0	0	0	0	0	0	0	0	0	0	0	0	0	0	0	0	0	0	0	0	0	0	0	0	0
0	0	0	0	0	0	0	0	0	0	0	0	0	0	0	0	0	0	0	0	0	0	0	0	0	0	0	0	0	0	0	0	0.0119059842943	0	0	0	0	0	0	0	0	0	0	0	0	0
0	0	0	0	0	0	0	0	0	0	0	0	0	0	0	0	0	0	0	0	0	0	0	0	0	0	0	0	0	0	0	0	0	0	0	0	0	0	0	0	0	0	0	0	0	0
0	0	0	0	0	0	0	0	0	0	0	0	0	0	0	0	0	0	0	0	0	0	0	0	0	0	0	0.0155383168267	0	0	0	0	0	0	0	0	0	0	0	0	0	0	0	0	0	0
0	0	0	0	0	0	0.00143494348663	0	0	0	0	0	0	0	0	0	0	0	0	0	0	0	0	0.0187497140039	0	0	0	0	0	0	0	0	0	0	0	0	0	0.025121497964	0.000570117055991	0	0	0	0	0	0	0
0	0	0	0	0	0	0.0068594635061	0	0	0	0	0	0	0	0	0	0	0	0	0	0.0164207727972	0	0	0	0	0	0	0.00799568707763	0.0270271291375	0	0	0.031413064315	0	0	0	0	0.0546128941463	0	0	0	0	0	0	0	0	0
0	0	0	0.00375985344924	0.0081797998442	0	0	0.0213931697002	0	0	0	0	0	0.0214067339203	0	0.0408428984722	0	0	0	0.0573774971744	0.0393995387371	0	0.0441985935082	0	0	0.0406140828531	0	0	0	0	0	0.0352999834759	0	0	0	0	0.0467919927862	0	0	0.0212939887651	0	0	0	0	0	0
0	0	0	0	0	0	0	0	0	0	0	0	0	0	0	0	0	0	0	0	0	0	0	0	0.0141065352184	0	0	0	0	0	0	0	0	0	0	0	0	0	0.00695690819483	0	0	0	0	0	0.0518454018667	0.00102597072189
0	0	0	0	0	0	0.0307875967196	0	0	0	0	0	0.0755034471324	0	0	0	0.0777152952031	0	0	0	0	0	0	0	0	0	0	0	0	0	0	0	0.00660332771764	0	0	0	0	0	0	0	0.064177316268	0	0	0	0	0
0	0	0	0	0	0.0416436282853	0	0	0	0	0	0	0	0	0	0	0	0	0	0	0	0	0	0	0	0	0	0.0901958463622	0	0.0836886947524	0	0	0	0	0	0	0.099250919744	0	0	0	0	0	0.0939796893719	0	0	0
0	0	0	0	0.0387584672228	0	0	0	0	0.0809589923776	0	0	0	0	0.00226438031387	0	0	0	0	0	0	0	0.0196320346969	0	0	0.0222839704316	0	0	0	0	0	0	0	0	0	0	0	0	0	0	0	0	0	0	0	0
0	0	0	0	0	0	0	0.0353656189687	0	0	0	0	0	0	0	0	0	0.0047538558577	0	0	0	0	0	0	0	0	0.0138820810054	0	0	0	0	0	0	0	0	0	0	0	0	0	0	0	0	0	0.0208669889363	0.0337085416703
0	0	0	0	0	0	0	0	0	0	0	0	0	0	0	0	0	0	0	0	0	0	0	0	0	0	0	0	0	0	0	0	0.0858633723384	0	0	0	0	0	0	0	0	0	0	0	0	0
0	0	0	0	0	0	0	0	0	0	0	0	0	0	0	0	0	0	0	0	0	0	0	0	0	0	0	0	0	0	0	0	0	0	0	0	0	0	0	0	0	0	0	0	0	0
0	0	0	0	0	0	0	0	0	0	0	0	0	0	0	0	0	0	0	0	0	0	0	0	0	0	0	0	0	0	0.00730484459042	0	0	0	0	0	0	0	0	0	0	0	0	0	0	0
0	0	0	0	0	0	0	0	0	0	0	0	0	0	0	0	0	0	0	0	0	0	0	0	0	0	0	0	0	0	0	0	0	0	0	0	0	0	0	0	0	0	0	0	0	0
0	0	0	0	0	0	0	0	0	0	0	0	0	0	0	0	0	0	0	0	0	0	0	0	0	0	0	0	0	0	0	0	0	0	0.074292173586	0	0	0	0	0	0	0	0	0	0	0
0	0	0	0	0	0	0	0	0	0	0	0	0.0297558873348	0	0	0.0324359538387	0	0	0	0	0	0	0	0	0	0	0	0	0	0	0	0	0	0	0	0	0	0	0	0	0	0	0	0	0	0
0	0	0	0	0	0	0	0	0	0	0	0	0	0	0	0	0	0	0	0	0	0	0	0	0	0	0	0	0	0.0297089596893	0	0	0	0	0	0	0	0	0	0	0	0	0	0	0	0
0	0	0	0	0	0	0	0	0	0	0	0	0	0	0	0	0	0	0	0	0	0	0	0	0	0	0	0	0	0	0	0	0	0	0	0	0	0	0	0	0	0	0	0	0	0
0	0	0	0	0	0	0	0.00537741463562	0	0	0	0	0	0	0	0	0	0	0	0	0	0	0	0	0	0	0	0	0	0	0	0	0	0	0	0	0	0	0.0852721206011	0	0	0	0	0	0	0
0	0	0	0	0.0158261516828	0.040385050439	0.0298021910566	0	0	0	0	0	0	0	0	0	0.0555985909377	0	0	0	0	0	0	0	0	0	0	0	0	0	0.0774313907458	0	0	0	0	0	0	0	0	0	0	0	0	0	0	0
0	0	0	0	0	0	0	0	0	0.00630558644517	0	0	0.0842392496125	0	0	0	0	0.0456163241916	0	0.0528832935138	0.00751925025081	0	0	0	0	0	0	0	0	0	0	0.0159104267598	0	0	0	0.0411262601089	0.00223219427611	0	0	0.0119858898927	0	0	0.0237819488932	0	0	0
0	0	0	0	0	0	0	0	0	0	0	0	0	0	0	0	0	0	0	0	0	0	0	0	0	0.0189270987	0	0	0	0	0	0	0	0	0	0	0	0.0158148308372	0	0	0	0	0	0	0	0
0	0	0	0	0	0	0	0.00254573260643	0	0	0	0	0	0	0	0	0	0	0	0	0	0	0	0	0	0	0	0	0	0	0	0	0	0	0.0258164532039	0	0	0	0	0	0	0	0	0	0	0
0	0	0	0	0	0	0	0	0	0	0	0	0	0	0	0	0	0	0	0	0	0	0	0	0	0	0	0	0	0	0	0	0.0260928633843	0	0	0	0	0	0	0	0	0	0	0	0	0
0	0	0	0	0	0	0	0	0	0	0	0	0	0	0	0	0	0	0	0	0	0	0	0	0	0	0	0	0	0	0	0	0	0	0	0	0	0	0	0	0	0	0	0	0	0
0	0	0	0	0	0	0	0	0	0	0	0	0	0	0	0	0.00188815986184	0	0	0	0	0	0	0	0	0	0	0	0	0	0	0	0	0	0	0	0	0	0	0	0	0	0	0	0	0
0	0	0	0	0	0	0.0234023531919	0	0	0	0	0	0	0	0	0	0	0	0	0	0	0	0	0	0	0	0	0.0268082727989	0	0	0	0.0114427979073	0	0	0	0	0	0	0	0.0333667909729	0	0	0	0	0	0
0	0	0	0	0	0	0	0	0	0	0	0	0	0	0	0	0	0	0	0	0	0	0	0	0	0.0205941664003	0	0	0	0	0	0	0	0	0	0	0	0.0180898574437	0	0	0	0	0	0	0	0
0	0	0	0	0	0	0	0	0	0	0	0	0	0	0	0	0	0	0	0	0	0	0	0	0	0	0	0	0.00846932618238	0	0.00253805602546	0.0715594514246	0	0	0	0	0	0	0	0	0	0	0	0.130631012622	0	0
0	0	0	0	0	0	0	0	0	0	0	0	0	0	0	0	0	0	0	0	0	0	0	0	0	0	0.01511089545	0	0	0	0	0	0	0	0	0	0	0	0	0	0	0	0	0	0	0
0	0	0	0	0	0	0	0	0	0	0	0	0	0	0	0	0	0	0	0	0	0	0	0	0	0.0253768466926	0.0109529807821	0.035245442625	0	0	0	0	0.0111007154989	0.0373029229539	0	0	0	0	0	0	0	0	0.051140763066	0	0	0
0	0	0	0	0	0	0	0	0	0	0	0	0	0	0	0.00608297920725	0	0	0	0	0	0	0	0	0	0	0	0.00529871041608	0	0	0	0	0	0	0	0	0	0	0	0	0	0	0	0	0	0
0	0	0	0	0	0	0	0	0	0	0	0	0	0	0	0	0	0	0	0	0	0	0	0	0	0	0	0	0	0	0	0	0	0	0	0	0	0	0	0	0	0	0	0	0	0
0	0	0	0	0	0	0	0	0	0	0	0	0	0	0	0	0	0	0	0	0	0	0	0	0	0	0	0	0	0	0	0	0.0485030968438	0	0	0	0	0	0	0	0	0	0	0	0	0
0	0	0	0	0	0	0	0	0	0	0	0	0	0	0	0	0	0	0	0	0	0	0	0	0	0	0	0	0	0	0	0	0	0	0	0	0	0	0	0	0	0	0	0	0	0
0	0	0	0	0	0	0	0	0	0	0	0	0	0	0	0	0	0	0	0	0	0	0	0	0	0	0	0	0	0	0	0	0	0	0	0	0	0	0	0	0	0	0	0	0	0
0	0	0	0	0	0	0	0	0	0	0	0	0	0	0	0	0.067382597405	0	0	0	0	0.209748464776	0	0	0	0	0	0	0	0	0	0	0	0	0	0	0	0	0	0	0	0	0	0	0	0
0.271905197576	0	0	0	0	0	0	0	0	0	0	0	0	0	0	0	0	0.225152143358	0	0	0	0	0	0	0	0	0	0	0	0	0	0	0	0	0	0	0	0	0	0	0.053511484426	0	0	0	0	0
0	0	0	0	0	0	0	0	0	0	0	0	0	0	0	0	0	0	0	0	0	0	0	0	0	0	0	0	0	0	0	0	0	0	0	0	0	0	0	0	0	0	0	0	0	0
0	0	0	0	0	0	0	0	0	0	0	0	0	0	0	0	0	0	0	0.125271777197	0	0	0	0.00054732800409	0	0	0	0	0	0	0	0	0	0	0	0	0	0	0	0	0	0	0	0	0	0
0	0	0	0	0	0	0	0	0	0	0	0	0	0	0	0	0	0	0	0	0	0	0	0	0	0	0	0	0	0	0	0	0	0	0	0	0	0	0	0	0	0	0	0	0	0
0	0	0	0	0	0	0	0	0	0	0	0	0	0	0	0	0	0	0	0	0	0	0	0	0	0	0	0	0	0	0	0	0	0	0	0	0	0	0	0	0	0	0	0	0	0
0	0	0	0	0	0	0	0	0	0	0	0	0	0	0	0	0	0	0	0	0	0	0	0	0	0	0	0	0	0	0.0124182056178	0	0	0	0.0349648435769	0	0.0349371536099	0.0450701491148	0.0154778945416	0	0.00278797483574	0	0	0	0	0
0	0	0	0	0	0	0	0	0	0	0	0	0	0	0	0	0.0283206998029	0.0505110293442	0	0	0	0	0	0	0	0	0	0	0	0	0	0	0	0	0	0	0	0	0	0	0	0	0	0	0	0
0	0	0	0	0	0	0.0721194915688	0	0	0	0	0	0	0	0	0	0	0	0	0.0136535767085	0.0447906308333	0	0	0	0	0	0	0	0	0	0	0	0	0	0	0	0	0	0	0	0	0	0	0	0.00736236090407	0
0	0	0.0089155390353	0	0	0	0	0.0065839869517	0	0.0165649070723	0	0	0.00951154725473	0	0	0	0	0	0	0	0	0	0	0	0	0	0	0	0	0	0	0	0	0	0	0	0	0.00835804032733	0	0	0	0	0	0.0639203126919	0	0
0	0	0	0.00495413635942	0	0	0	0	0	0	0	0	0	0	0.0138156737082	0	0	0	0	0	0	0	0.0717595832081	0	0	0	0	0.00600712326333	0	0	0	0	0	0	0	0	0.0119258974911	0	0	0.0207465144191	0	0	0	0	0	0
0	0	0	0	0	0	0	0.000573573306216	0	0	0	0	0	0	0	0	0	0	0	0	0	0	0	0.0554850667539	0	0	0	0	0	0	0	0	0	0	0	0	0	0.0284720713154	0	0	0	0	0	0	0	0
0	0	0	0	0	0	0	0	0	0	0	0	0	0	0	0	0	0	0	0	0	0	0	0	0	0	0	0	0	0	0	0	0.0251349035368	0	0	0	0	0	0	0	0	0	0	0	0	0
0	0	0	0	0	0	0	0	0	0	0	0	0	0	0	0	0	0	0	0	0	0	0	0	0	0	0	0	0	0	0	0	0	0	0	0	0	0	0	0	0	0	0	0	0	0
0	0	0	0	0	0	0.0348910417318	0	0	0	0	0	0	0	0	0	0	0	0	0	0	0	0	0	0	0	0	0	0	0	0	0	0	0	0	0	0	0	0	0	0	0	0	0	0.0119380786015	0
0	0	0	0	0	0	0	0	0	0	0	0	0	0	0	0	0	0	0	0	0	0	0	0	0	0	0	0	0	0	0	0	0	0	0	0	0	0	0	0	0	0	0	0	0	0
0	0	0	0	0	0	0	0	0	0	0	0	0	0	0	0	0	0	0	0.0153009740189	0	0	0	0	0	0	0	0	0	0.00541856134905	0	0.0792487109524	0	0	0	0	0.0390584246367	0	0	0	0	0	0	0	0.00600665008082	0
0	0	0	0	0.0506517148536	0	0	0	0	0	0	0	0	0	0	0	0	0	0	0	0	0	0	0	0	0.0548337410762	0	0	0.0724558525354	0	0	0	0	0.0187533237532	0	0	0	0	0	0	0	0	0	0	0	0
0	0	0	0	0	0	0	0	0	0	0	0	0	0	0	0	0	0	0	0	0	0	0	0	0	0	0	0	0	0	0	0	0	0	0	0	0	0	0	0	0	0	0	0	0	0
0	0	0	0	0	0.0059607928225	0	0	0	0	0	0	0	0.0309734171678	0	0	0	0	0	0	0	0	0	0	0	0	0	0.0101840701502	0.0101866764469	0	0	0	0	0	0	0	0	0	0	0	0	0	0	0	0.0124943170642	0.036493521997
0	0	0	0	0	0	0	0	0	0	0	0	0	0	0	0	0	0	0	0	0	0	0	0	0	0	0	0	0	0	0.0325672262579	0	0	0	0	0	0	0	0	0	0	0	0	0	0	0
0	0	0	0	0	0	0	0	0	0	0	0	0	0	0	0	0	0	0	0	0	0	0	0	0	0	0	0	0	0	0	0	0	0	0	0	0	0	0	0.0441267209325	0.0295452338117	0	0.000900576145151	0.0938352759345	0	0.0100843510588
0	0	0	0	0	0	0	0	0	0	0	0	0	0	0	0.00108007471568	0	0	0	0	0.00510631063285	0	0	0	0	0	0	0	0.0032005425236	0	0.06720553543	0	0	0	0	0	0	0	0	0	0	0	0	0.13111422727	0	0.00933860844194
0	0	0	0	0.0394175197123	0	0	0.00818217511979	0	0	0	0	0	0.00242617867504	0	0	0	0	0	0	0	0	0	0	0	0	0	0	0	0	0	0.0336725997013	0	0	0	0	0	0.0620082311944	0	0	0	0	0	0	0	0
0	0	0	0	0	0	0	0	0	0	0	0	0	0	0	0	0	0	0	0	0	0	0	0	0	0	0.0322549261187	0	0	0	0	0	0	0	0	0	0	0	0	0	0	0	0	0	0	0
0	0	0	0	0	0	0	0	0	0	0	0	0	0	0	0	0	0	0	0	0	0	0	0	0.0857581314807	0	0	0	0	0	0	0	0	0	0	0	0	0	0	0	0	0	0	0	0	0
0	0	0	0	0	0	0	0	0	0	0	0	0	0	0	0	0	0	0	0	0	0	0	0	0	0	0	0	0	0	0	0	0	0	0	0	0	0	0	0	0	0	0	0	0	0
0	0	0	0	0	0	0	0	0	0	0.0695478052672	0	0	0	0	0	0	0	0	0.00139277073406	0.106748539996	0	0	0	0	0	0	0.00163547085854	0	0	0	0	0	0	0	0	0	0	0	0	0	0	0	0	0	0.00912697133867
0	0	0	0	0	0	0	0	0	0	0	0	0	0	0	0	0.0230344363956	0	0	0	0	0	0	0	0	0	0	0	0	0	0.0246031355612	0	0	0	0	0	0	0	0	0	0	0	0	0	0	0
0	0	0	0	0	0	0	0	0	0	0	0	0	0	0	0	0	0	0	0	0	0	0	0	0	0.0650986603382	0	0.0107253818771	0	0.0134079913418	0	0	0	0.0693730450061	0	0	0	0	0	0	0	0	0	0	0	0
0	0	0.0989055678138	0	0.0465400506714	0.00480779455538	0.037403975729	0	0	0	0	0	0.002318283032	0	0	0	0	0	0	0.00617380424305	0	0	0	0.0382981355818	0	0	0	0	0	0	0	0	0	0	0	0	0	0	0	0	0	0	0	0	0	0
0	0	0	0	0	0	0	0	0	0	0	0	0	0	0	0	0.0401978469892	0	0	0	0	0	0	0	0	0	0	0	0	0	0	0	0	0	0	0	0	0	0	0	0	0	0	0	0	0
0	0	0	0	0	0	0	0	0.093408987596	0	0	0	0	0	0	0	0.0108165370626	0	0	0	0	0	0	0	0	0	0	0	0	0	0	0	0	0	0	0	0	0	0	0	0	0	0	0	0	0
0	0	0	0	0	0	0	0	0	0	0	0	0	0	0	0	0.00190900372224	0	0	0	0	0	0	0	0	0	0	0.0145960917743	0	0	0	0	0	0	0	0	0	0	0	0	0	0	0	0.00165190068951	0	0
0	0	0	0	0	0	0	0	0	0	0	0	0	0	0	0	0	0	0	0	0	0	0	0	0	0.00524672628657	0	0	0	0	0	0	0	0	0	0	0	0.0245228047749	0	0	0	0	0	0	0	0
0	0	0	0	0	0	0	0	0	0	0	0	0	0	0	0	0.0270104503757	0	0.00128363146919	0	0	0	0	0	0	0	0	0	0	0.12342691916	0.0536879698573	0.00364614419306	0	0	0	0	0	0	0	0	0	0	0	0	0	0
0	0	0	0	0	0.12791201624	0	0	0	0	0	0	0	0	0	0	0	0	0	0	0	0	0.00840337753319	0	0	0	0.0236037655534	0	0	0	0	0	0	0	0	0	0	0	0	0	0	0	0	0.0066366209344	0	0
0	0	0	0	0	0	0	0	0	0	0	0	0	0	0	0.0115547162262	0	0	0	0	0.0546366781967	0	0	0	0	0	0	0	0	0	0	0.0413566145401	0	0	0	0	0	0	0	0	0	0	0	0	0	0.00934210265785
0	0	0	0	0	0	0	0	0	0	0	0	0	0	0	0	0.0308384734552	0	0	0.001660193134	0	0	0	0	0	0	0.0406558300569	0	0	0	0	0	0.00176134764897	0	0	0	0	0	0	0	0	0	0.0285335650099	0.00394866741198	0	0
0	0	0	0	0	0	0	0	0	0	0	0	0	0	0	0	0	0	0	0	0	0	0	0	0	0	0	0	0	0	0	0	0	0.0341725471419	0	0	0	0	0	0	0	0	0	0	0	0
0	0	0	0	0	0	0	0	0	0	0	0	0	0.00988150555425	0	0	0	0	0	0	0.0287785825547	0	0.0389067455673	0.00200104457078	0	0	0	0	0.0204108517557	0.0241351411937	0	0.00864270192497	0	0	0	0	0	0	0	0	0	0	0	0	0	0
0	0	0	0	0.0236532022907	0.00153235982449	0	0	0	0	0	0	0	0	0	0	0	0	0	0	0.0479809471985	0.0136742976526	0.0395634089558	0	0	0	0.0231276923102	0	0	0	0.0415531649278	0	0.00407456678236	0.00512936874095	0	0	0	0	0	0	0	0	0	0	0.0120091295137	0
0	0	0	0	0	0	0	0	0	0	0	0	0	0	0	0	0	0	0	0	0	0	0	0	0	0.00554635360057	0.0579507003441	0	0	0	0	0	0	0	0	0	0	0	0.00524181624282	0	0.0485618748336	0	0	0	0	0
0	0.114356224781	0	0	0	0	0	0	0	0	0	0.0568040021204	0	0	0	0	0.0227029497488	0	0	0	0	0	0	0	0	0.0743265305915	0	0	0	0	0	0	0	0.0556587206089	0	0	0	0	0.0259936385597	0	0	0	0.0127839178775	0	0	0
0	0	0	0	0	0	0	0	0	0	0	0	0	0	0	0	0	0	0	0	0	0	0	0.0243285439485	0	0	0	0	0	0	0.0237278111796	0	0	0	0	0	0.10082989661	0	0.126351064846	0.0592049313151	0	0.0230507984128	0	0	0	0
0	0	0	0	0	0	0	0	0	0	0	0	0	0	0	0	0	0	0.12335003674	0	0	0	0	0	0	0	0	0	0.00694794780847	0	0	0.0212485466736	0	0	0	0	0	0	0	0.000871413828804	0	0	0	0	0	0
0	0.0354051372017	0.115092497683	0.0501471436707	0.0426772645943	0.00619307953487	0	0	0	0	0	0	0	0	0	0	0	0	0	0	0.0917909187161	0.00680826787214	0.00204480392063	0.030208256771	0	0	0	0	0	0	0.0240862842641	0	0	0	0	0	0	0	0	0	0	0	0	0	0	0
0	0	0	0	0	0	0	0	0	0	0	0	0	0	0	0	0	0	0	0	0	0	0	0	0	0	0	0	0	0.00379578755141	0	0	0	0	0	0	0	0	0	0	0.0208801566992	0	0	0	0	0
0	0	0	0	0	0	0	0	0	0	0	0	0	0	0	0	0	0	0	0	0	0	0	0	0	0.0906811724144	0	0	0	0	0	0	0	0	0	0	0	0	0	0	0	0	0	0	0	0
0	0	0	0	0	0	0	0	0	0	0	0	0	0	0	0	0	0.0102945384273	0	0	0	0	0	0	0	0	0	0	0	0	0	0	0	0.0924910724305	0	0	0	0	0	0	0	0	0	0	0	0
0	0	0	0	0	0	0	0	0	0	0	0	0	0	0	0	0	0	0	0	0	0	0	0	0	0	0	0	0.138928700061	0	0	0	0	0	0	0	0	0	0	0.00137991391587	0	0	0	0	0	0
0	0	0	0	0	0	0.0836590236576	0.101077030325	0.129658231936	0.0913974167945	0	0	0	0	0	0	0	0	0	0	0	0	0	0	0	0	0.00617577924194	0	0	0	0	0	0	0	0	0	0	0	0	0	0.0204456637576	0	0	0.0279134924306	0	0
0	0	0	0	0	0	0	0	0	0	0	0	0	0	0	0	0	0	0	0	0	0	0	0	0	0	0	0	0	0	0	0	0	0	0	0	0	0	0	0	0	0	0	0.145218473483	0	0
0	0.139324169776	0	0	0	0.0124665542176	0	0	0	0	0	0	0	0	0	0	0	0	0	0	0	0	0	0	0	0	0	0	0	0	0	0	0	0	0	0	0	0	0	0	0	0	0	0	0	0
0	0	0	0	0	0	0	0	0	0	0	0	0	0	0	0	0	0	0	0	0	0	0	0	0	0	0	0	0	0	0	0	0	0	0	0	0	0	0	0	0	0	0	0	0	0
0	0	0	0	0	0	0	0	0	0	0	0	0	0	0	0	0	0	0	0	0	0	0	0	0	0	0	0	0	0	0	0	0	0	0	0	0	0	0	0	0	0	0	0	0	0
0	0	0	0	0	0	0	0	0	0	0	0	0	0	0	0	0	0	0	0	0	0	0	0	0	0	0	0	0	0	0	0.00421557121494	0	0	0	0	0	0	0	0	0	0	0	0	0	0
0	0	0	0	0	0	0	0	0	0	0	0	0	0	0	0	0	0	0	0.0208725802313	0	0	0.012313175507	0	0	0	0	0	0	0	0	0	0.00203298596864	0	0	0	0	0	0	0	0	0	0	0	0	0
0	0	0	0	0	0	0	0	0	0	0	0	0	0	0	0	0.0420727932974	0	0	0	0	0	0	0	0	0	0	0	0	0	0	0	0	0	0	0	0	0	0	0	0	0	0	0	0	0
0	0	0	0	0	0	0	0	0	0	0	0	0	0	0	0	0	0	0	0	0	0	0	0	0	0	0	0	0	0	0	0	0	0	0	0	0	0	0	0	0.00326165108548	0	0	0	0	0
0	0	0	0	0	0	0	0	0	0	0	0	0	0	0	0	0	0	0	0	0	0	0	0	0	0	0	0	0	0	0	0	0	0	0	0	0	0	0	0	0	0	0	0.0263750578737	0.0573984584753	0
0	0	0	0	0	0	0	0	0	0	0	0	0	0	0	0	0	0	0	0	0	0	0	0	0	0	0	0	0	0	0	0	0	0	0	0	0	0	0	0	0	0	0	0	0	0
0	0	0	0	0	0	0	0	0.0138351880904	0	0.0481516064978	0.0225914642285	0	0	0	0	0	0.0702516348108	0.0981493881377	0.102432590582	0	0	0	0	0	0.0369668090982	0	0	0	0	0	0	0	0	0	0	0	0	0	0	0	0	0	0	0	0
0	0	0	0	0	0.0231799890944	0	0	0	0	0	0	0	0.0215829109351	0	0	0	0	0.0119709547524	0	0	0	0	0	0	0	0	0	0	0	0	0	0	0	0	0	0	0	0	0	0	0	0	0	0	0
0	0	0	0	0	0	0	0	0	0	0	0	0	0	0	0	0	0	0	0	0	0	0	0	0	0	0	0	0	0	0	0	0	0	0	0	0	0	0	0	0	0	0	0	0	0
0	0	0	0	0	0.153010593547	0.00989831518572	0	0	0	0	0	0.00257825781478	0	0	0	0	0	0	0	0	0	0	0	0	0	0	0	0	0	0	0	0	0	0	0	0	0	0.0240645955989	0	0	0	0	0	0	0
0.195894475223	0	0	0	0	0	0	0	0	0	0	0	0	0	0	0	0	0	0	0	0	0.121187146234	0	0.0469278975565	0	0	0	0.000340958025789	0	0	0	0.0559157858878	0	0	0	0	0	0	0	0	0	0	0	0	0	0
0	0	0	0	0	0	0	0	0	0	0	0	0	0	0	0	0	0	0	0	0	0	0	0	0	0	0	0	0	0	0	0	0	0	0	0	0	0	0	0	0	0	0	0	0	0
0	0	0	0	0	0	0	0	0	0	0	0	0	0.0482745863392	0	0	0	0	0.0272943421506	0	0	0	0	0	0	0	0	0	0	0	0	0	0	0	0	0	0	0	0	0	0	0	0	0	0	0
0	0	0	0	0	0.0552530548958	0	0	0	0	0	0	0	0	0	0	0	0	0	0	0	0	0	0	0	0	0	0	0	0	0	0	0	0	0	0	0	0	0	0	0	0	0	0	0	0
0	0	0	0	0	0	0	0	0	0	0	0	0	0	0	0	0.0688787109349	0	0	0	0	0	0	0	0	0	0	0	0	0	0	0	0	0	0	0	0	0	0	0	0	0	0	0.0109778959665	0.0738353312408	0
0	0	0	0	0	0	0	0	0	0.189168759926	0	0	0	0	0	0	0	0.00459474202357	0	0	0	0	0	0	0	0	0	0	0	0	0	0.040874721087	0	0	0	0	0	0	0	0	0	0	0	0	0	0.0528560848518
0	0	0	0	0	0	0	0	0	0	0	0	0	0	0	0	0	0	0.0590088254637	0	0	0	0	0	0	0	0	0	0	0	0	0	0.0412517758059	0.00169939198272	0	0	0	0	0	0	0	0.0101973526986	0	0	0	0
0	0	0	0	0	0	0	0	0	0	0	0	0	0	0	0	0	0	0	0	0	0.0115131940858	0	0	0	0	0	0	0	0	0	0	0	0	0	0	0	0	0	0	0	0	0	0	0	0
0	0	0	0	0	0	0	0	0	0	0	0	0	0	0	0	0	0	0	0	0	0	0	0	0	0	0	0	0	0	0	0.00231210088126	0	0	0	0	0	0	0	0	0	0	0	0	0	0
0	0	0	0	0	0	0	0	0	0	0	0	0	0	0	0	0	0	0	0	0	0	0	0	0	0	0	0	0	0	0	0	0	0	0	0	0	0	0	0	0	0	0	0	0	0
0	0	0	0.0479493603971	0.00756502016132	0	0	0	0	0	0	0	0	0	0	0	0	0.0102141387272	0	0	0	0	0	0	0	0	0	0	0	0	0	0	0	0	0	0	0	0	0	0	0	0	0	0	0	0
0	0	0	0	0	0.114416015474	0.0559824596028	0.0523600470408	0.109024992541	0	0	0	0	0	0	0	0	0	0	0	0	0	0	0	0	0	0	0	0	0	0	0	0	0	0	0	0	0	0	0	0	0	0	0	0	0
0	0	0	0	0	0	0	0	0	0	0	0	0	0	0	0	0	0	0	0	0	0.0328499711245	0	0	0	0	0	0	0	0	0	0	0	0	0	0	0	0	0	0	0	0	0	0	0	0
0	0	0	0	0	0	0	0	0	0	0	0	0	0	0	0	0	0	0	0	0	0	0	0	0	0	0	0	0	0	0	0	0	0	0	0	0	0	0	0	0	0	0	0	0	0
0	0	0	0	0	0	0	0	0	0	0	0	0	0	0	0	0	0	0	0	0	0	0	0	0	0	0	0	0	0	0	0	0	0	0	0	0	0	0	0	0	0	0	0	0	0
0	0	0	0	0	0	0	0	0	0	0	0	0	0	0.0437944776021	0.0180452102993	0	0	0	0	0.0143599724657	0	0	0	0	0	0	0	0	0	0	0	0	0	0	0	0	0	0	0	0	0	0	0	0	0
0	0	0	0	0	0.0599409303161	0	0	0	0	0	0	0	0	0	0	0.001151146188	0	0	0	0	0	0	0.0280837070907	0	0	0	0	0	0	0	0	0	0	0	0	0	0	0	0	0	0	0	0	0	0
0	0	0	0	0	0	0	0	0	0	0	0	0	0	0	0	0	0	0	0	0	0	0	0	0	0	0	0.0184752251137	0	0	0	0	0	0	0	0	0	0	0	0	0	0	0	0	0	0
0	0	0	0	0	0	0	0	0	0	0	0	0	0	0	0	0	0	0	0	0	0	0.0108878223453	0	0	0	0	0	0	0	0	0.0194610133441	0	0	0	0	0	0	0	0	0	0	0.0337902602473	0	0	0
0	0	0	0	0	0	0	0	0	0	0	0	0	0	0	0	0	0	0	0	0	0	0	0	0	0	0	0	0	0.00353849741375	0	0	0	0	0	0	0	0	0	0	0	0	0	0	0	0
0	0	0	0	0.130875865693	0	0	0	0	0	0	0	0	0	0	0	0	0	0	0	0	0	0.0162272557495	0	0	0	0	0	0	0	0	0	0	0	0	0	0	0	0	0	0.0420652399159	0	0	0	0	0
0	0	0	0	0	0	0	0	0	0	0	0	0	0	0	0	0	0	0	0	0	0	0	0	0	0	0	0	0	0	0	0	0	0	0	0	0	0	0	0	0	0	0	0	0	0
0	0	0	0	0	0	0.137720925584	0	0	0	0	0	0	0	0	0	0	0	0	0	0	0	0	0	0	0	0	0	0	0	0	0	0	0	0	0	0	0	0	0	0	0	0	0	0	0
0	0	0	0	0.0837719604592	0	0	0	0	0	0	0	0	0	0	0	0	0	0	0.0294565773068	0	0	0	0	0	0.030747521968	0	0	0	0	0	0	0	0	0	0	0	0	0.0130815056461	0	0	0	0	0	0	0
0	0	0	0	0	0	0.0780777661767	0	0	0	0	0	0	0	0	0	0.00423592833739	0	0	0	0	0	0	0	0	0	0	0	0	0	0	0	0	0	0	0	0	0	0	0	0	0	0	0	0	0
0	0	0	0	0	0	0	0	0	0	0	0	0	0	0	0	0	0	0	0	0	0	0	0	0	0	0	0	0	0	0	0	0	0	0	0	0	0	0	0	0	0	0	0.0819811356343	0.096164317296	0.206727629466
0	0	0	0	0	0	0	0	0	0	0	0	0	0	0.104567752932	0.15724553433	0	0.0024334907741	0	0	0	0	0.038749131375	0	0	0	0	0	0	0	0	0	0	0	0	0	0	0	0	0	0	0	0.0318954515129	0	0	0
0	0	0	0	0	0	0	0	0	0	0	0	0.0957341110928	0	0	0	0.055711249575	0	0	0	0	0	0	0	0	0	0	0	0	0	0	0	0	0	0	0	0	0	0	0	0	0	0	0	0	0
0	0	0	0	0	0	0	0	0	0	0	0	0	0	0	0	0	0	0	0	0	0	0	0	0	0	0	0	0	0	0.123829347406	0	0	0	0	0	0	0	0	0	0	0	0	0	0	0
0	0	0	0.109868958333	0.0320889771903	0.0370663023303	0.0939228395639	0.0446558327836	0	0	0	0	0	0.0065555148393	0	0	0	0	0	0	0	0	0	0	0	0	0	0	0	0.0012874886651	0	0	0	0	0	0	0	0	0	0	0	0	0	0	0.0572644935184	0
0	0	0	0.0094672320273	0	0	0	0	0	0	0	0	0	0	0	0	0	0	0	0.0485272716069	0.0625361344067	0	0	0	0	0	0	0	0	0	0	0	0	0	0.0197049726399	0.0550919126779	0	0.0280805323543	0.0217396974253	0	0.0215449498507	0.0449133032716	0	0	0	0
0	0	0	0	0	0	0	0	0	0	0	0	0.0175689280364	0.03265451451	0.0557515297567	0.0497880914979	0	0	0	0.0011153074814	0	0	0	0	0	0	0	0	0	0	0	0	0	0	0	0.20299648746	0.114763915695	0.152111523007	0.0211259166522	0.0641706663463	0	0	0	0	0	0
0	0	0	0	0	0	0	0	0	0	0	0	0	0	0	0	0	0	0	0	0	0	0	0	0	0	0	0	0	0.0192352906322	0	0	0.0686508769453	0	0	0	0	0	0.0332497535367	0	0.0441471849162	0	0	0	0	0
0	0	0	0	0	0	0	0	0	0	0	0	0	0	0	0	0	0	0	0	0	0	0	0	0	0	0	0	0	0	0	0	0	0	0	0	0	0	0	0	0	0	0	0	0	0
0	0	0	0	0	0	0	0	0	0	0	0	0	0.00367626515533	0	0	0	0	0	0	0	0	0	0	0	0	0	0	0	0	0	0	0	0	0	0	0	0	0	0	0	0	0	0.065354773523	0	0
0	0	0	0	0	0	0	0	0	0	0	0	0	0	0	0	0	0	0	0	0	0	0	0	0	0	0	0	0	0	0	0	0	0	0	0	0	0	0	0	0	0	0	0	0	0
0	0	0	0	0	0.0166517769734	0	0	0	0	0	0	0	0	0	0	0	0	0	0	0	0	0	0	0	0	0	0	0	0	0	0	0	0	0.0266296337775	0	0	0	0	0	0	0	0.0805720349952	0	0.0144908260188	0.100157970608
0	0	0	0.0383564141602	0	0	0.0167490349827	0	0.0439308619343	0	0	0.0595693927716	0	0	0	0.0551450499452	0.1069200617	0	0	0	0.0860204967888	0.0103107989843	0	0.0301802840323	0	0	0	0.0148739507073	0	0	0	0	0	0	0	0	0	0	0	0	0	0.0942648805284	0	0	0.0150704983583	0
0	0	0	0	0	0	0	0	0	0	0	0.0741131047876	0	0	0	0	0	0	0	0	0	0	0	0	0	0	0	0	0	0	0	0	0	0	0	0	0	0	0	0	0	0	0	0	0	0
0	0	0	0	0	0	0	0	0	0	0	0	0.00279461002612	0.0103366426638	0	0	0	0	0.0197005765698	0	0	0	0	0	0	0	0	0	0	0	0.000730864256835	0	0	0	0.0510718441101	0	0	0	0	0	0	0	0	0.00864981389577	0	0
0	0	0	0	0	0	0	0	0	0	0	0	0	0	0	0	0	0	0	0	0	0	0	0	0	0	0	0	0	0	0	0	0	0	0.114267538122	0.0861074536924	0.0996933707128	0.0108737170216	0.00637191010864	0	0	0	0	0	0	0
0	0	0	0	0	0.00876264702015	0	0	0	0	0	0.111574105637	0	0	0	0	0	0	0	0	0	0	0.0853612835253	0	0	0	0	0	0	0	0	0	0	0	0	0	0	0.0165283586102	0	0.024081301974	0	0	0	0	0	0
0	0	0	0	0	0	0	0	0	0	0	0	0	0	0	0	0	0	0	0	0	0	0	0	0	0	0	0	0	0	0.0519255938048	0	0.0317222277929	0.0833700540935	0.0274050808523	0	0	0	0	0	0.00352816611882	0	0	0	0	0
0	0	0	0	0	0	0	0	0	0	0	0	0	0	0	0	0	0	0.149859525344	0	0.034071043134	0	0.0367919437857	0	0	0	0	0	0	0	0	0	0	0	0	0	0	0	0	0	0	0	0	0	0	0
0	0	0	0	0	0	0	0	0	0	0	0	0	0	0	0	0	0.0553067737648	0	0	0	0	0	0	0	0	0	0	0	0	0	0	0	0	0	0	0	0	0	0	0	0	0	0	0	0
0	0	0	0	0	0	0	0	0	0	0	0	0	0	0	0	0	0	0	0	0	0	0	0	0	0	0	0	0	0	0	0	0	0	0	0	0	0	0	0	0	0	0	0	0	0
0	0	0	0	0	0	0	0	0	0	0	0	0	0	0	0	0	0	0	0	0	0	0	0	0	0	0	0	0	0	0	0	0	0	0	0	0	0	0	0	0	0	0	0	0	0
0	0	0	0	0	0	0	0.0931889088482	0	0	0	0	0	0.0144178387618	0	0	0	0	0	0	0	0	0	0	0	0	0	0.00397907962309	0	0	0	0	0	0	0	0	0	0	0	0	0	0	0	0	0	0
0	0	0	0	0	0	0	0	0	0	0	0	0	0	0	0	0	0	0.0198085343106	0	0	0	0	0	0	0	0	0	0	0	0	0.00982049985042	0	0	0	0	0	0	0.0114477418647	0	0	0.0197578984564	0.0145853306952	0.012007355722	0.037006654857	0
0	0	0	0	0	0	0	0	0	0	0	0	0	0	0	0	0	0	0	0	0	0	0	0	0	0	0	0	0	0	0	0	0	0	0	0	0	0	0	0	0	0	0	0	0	0
0	0	0	0	0	0.00148995721129	0	0	0	0	0	0	0	0	0	0	0	0	0	0	0	0	0	0.0212487832758	0	0	0	0	0	0	0	0	0	0	0	0	0	0	0	0	0	0	0	0	0	0
0	0	0	0	0	0	0	0	0	0	0.149512969333	0	0	0.056665813679	0	0	0	0	0	0	0	0	0	0	0	0	0	0	0	0	0	0	0	0	0	0	0	0	0	0	0	0	0	0	0	0
0	0	0	0	0	0	0	0	0	0	0.140726728377	0	0	0	0	0	0	0	0	0	0	0	0	0	0	0	0	0	0	0	0	0	0	0	0	0	0	0	0	0	0	0	0	0	0	0
0.0346058025586	0.179784728533	0.0368335851829	0	0	0	0	0	0	0.0154926945225	0	0.0603993488516	0.030009230933	0	0	0	0	0	0	0	0	0	0	0	0	0	0	0	0	0	0	0	0	0.0584359228404	0.0465927055839	0.0351244838207	0	0	0.0687348088554	0	0.0299687987596	0	0	0	0	0
0	0	0	0	0	0	0	0	0	0	0	0	0	0	0	0.0534023251437	0	0	0	0	0	0	0	0	0	0	0	0	0	0	0	0	0	0	0	0	0	0	0	0	0	0	0	0	0	0
0	0	0	0	0	0	0	0	0	0	0	0	0	0	0	0	0	0	0	0	0	0	0	0	0	0	0	0	0	0	0	0	0	0	0	0	0	0	0	0	0	0	0	0	0	0
0	0	0	0	0	0	0	0	0	0	0	0	0	0	0	0	0	0	0	0	0	0	0	0	0	0	0	0	0	0	0	0	0	0	0	0	0	0	0	0	0	0	0	0	0	0
0	0	0	0	0	0	0	0	0	0	0	0	0	0	0	0	0	0	0	0	0	0	0	0	0	0	0	0	0	0	0	0	0	0	0	0	0.0367768907797	0	0	0	0	0	0	0	0	0
0	0	0	0	0	0	0	0	0	0.0891881711483	0	0	0	0	0	0	0	0	0	0	0	0	0	0	0	0	0	0	0	0	0	0	0	0	0	0	0	0	0	0	0	0	0	0	0	0
0	0	0	0	0	0	0	0	0	0	0	0	0	0	0	0	0	0	0	0	0	0	0	0	0	0	0	0	0	0	0	0	0	0	0	0	0	0	0	0	0	0	0	0	0	0
0	0.0202844617812	0	0.040706113501	0	0	0	0	0	0	0	0	0	0	0	0	0	0	0	0	0	0	0	0	0	0	0	0	0	0	0	0	0	0	0	0	0	0	0	0	0	0	0	0	0	0
0	0	0	0	0	0	0	0	0	0	0	0	0	0	0.020278171732	0	0	0	0.0163958804665	0	0	0	0	0	0.0899424376463	0	0	0	0	0	0	0	0	0	0	0	0	0	0	0	0	0	0	0	0	0.000596798728641
0	0	0	0	0	0	0	0	0	0	0	0	0	0	0	0	0	0	0	0	0.0608734278865	0	0	0	0	0	0	0	0	0	0	0	0	0	0	0	0	0	0	0	0	0	0	0	0	0
0	0	0	0	0	0	0	0	0	0	0	0	0	0	0	0	0	0	0	0	0	0	0	0	0	0	0	0	0	0	0	0	0	0	0	0	0	0	0	0	0	0	0	0	0	0
0	0	0	0	0	0	0	0	0	0	0	0	0	0	0	0	0	0	0	0	0	0	0.0645470367903	5.51746550103e-05	0	0	0	0	0	0.0292384826273	0	0	0	0	0	0	0	0	0	0	0	0.0948790122155	0	0	0	0
0	0	0	0	0	0	0	0	0	0	0	0	0	0	0	0	0	0	0	0	0	0	0	0	0	0	0	0	0	0	0	0	0	0	0	0	0	0	0	0	0	0	0	0	0	0
0	0	0	0.0723207474365	0	0	0	0	0	0	0	0	0	0	0	0	0	0	0	0	0	0	0	0	0	0	0	0	0	0	0	0	0	0	0	0	0	0	0	0	0	0	0	0	0	0
0	0.0472876840848	0.00301166728521	0	0	0	0	0	0	0	0	0	0	0	0	0	0	0	0	0	0	0	0	0	0	0	0	0	0	0	0	0	0	0	0	0	0	0	0	0	0	0	0	0	0	0
0	0	0	0	0	0	0	0	0	0	0	0	0.0116870914221	0	0	0	0	0	0	0	0	0	0	0	0	0	0	0	0	0	0	0	0.030020368203	0	0	0	0	0	0	0	0	0	0	0	0	1.12736628204e-05
0	0	0	0	0	0	0.0667938470139	0	0	0	0	0	0	0	0	0	0	0	0	0	0	0	0	0	0	0	0	0	0.0404707441614	0	0	0.080705299746	0	0	0	0	0.0119953920121	0	0	0.0489985452318	0	0	0	0	0.0620529316796	0
0	0	0	0	0.0747869786705	0	0	0	0	0	0	0	0	0	0	0	0	0	0	0	0	0	0	0	0	0	0	0	0	0	0	0	0	0	0	0	0	0	0.0357349790133	0	0	0	0	0	0	0
0	0	0.0543485290338	0.0421654400054	0	0	0	0	0	0	0	0	0	0	0	0	0	0	0	0	0	0	0.0500933402264	0	0	0	0	0	0	0	0	0	0	0	0	0.0517417981046	0	0	0	0	0.0046937710786	0	0	0	0	0
0	0	0	0	0	0	0	0	0	0	0	0	0	0	0	0	0	0	0	0.0187844994287	0	0	0	0	0	0	0	0.0698811532477	0.0852705779044	0	0	0	0	0	0	0	0	0	0	0	0	0	0	0	0	0
0	0	0	0	0	0	0	0	0	0	0	0	0	0	0	0	0	0	0.0136941625002	0.00678736571619	0.0148920829532	0.000314948077771	0	0	0	0.00265149334259	0	0	0.0630149522921	0	0.0756237283453	0	0	0	0	0	0	0	0	0	0	0	0	0	0	0
0	0	0	0	0	0.0150287719077	0	0.0465733902331	0	0	0	0	0.0134952249011	0	0	0	0.00992420937862	0	0	0	0	0	0	0	0	0.00918459400642	0.0195317561683	0	0	0	0	0	0	0	0	0.0320221959194	0	0	0	0	0	0.041455277642	0.0314641964915	0	0	0
0	0	0	0	0	0	0	0	0	0	0	0	0	0	0	0	0	0	0	0	0	0	0	0	0.0596826144781	0	0	0	0	0	0	0	0	0	0	0	0	0	0	0	0	0	0	0	0	0
0	0	0	0	0	0	0	0	0	0	0	0	0	0	0	0	0	0	0	0	0	0	0	0	0	0	0	0	0	0	0.00877903737691	0	0.0704816261133	0.0671185654416	0	0	0	0	0	0	0	0	0	0	0	0
0	0	0	0	0	0	0	0	0	0	0	0	0	0	0	0	0	0	0	0	0	0	0	0	0	0	0	0	0	0	0	0.0301969475597	0	0	0	0	0	0	0	0	0	0	0	0	0	0.106700819979
0	0	0	0	0	0	0	0	0	0	0	0	0	0	0	0	0	0	0	0	0	0	0	0	0	0	0	0	0	0	0	0	0	0	0	0	0	0	0	0	0	0	0	0	0	0
0	0	0	0	0	0	0	0	0	0	0	0	0	0	0	0	0	0	0	0	0	0	0	0	0	0	0	0	0	0	0	0.0292622113899	0.0534706354149	0	0	0	0	0	0	0	0	0	0.0239367484347	0	0	0
0	0	0	0	0	0	0	0	0	0	0	0	0	0	0	0	0	0	0	0	0	0	0	0.0624509993171	0	0	0	0	0	0	0	0	0	0	0	0	0	0	0	0	0	0	0	0	0	0
0	0	0	0.0274303819208	0	0	0	0.0884267519776	0	0	0	0	0.0219450928703	0	0	0	0	0	0	0	0	0	0	0	0	0	0	0	0	0	0	0	0	0	0	0	0	0	0	0	0	0	0	0	0	0
0	0	0	0	0	0.0330848307239	0	0	0	0	0	0	0	0	0	0	0	0	0	0	0	0	0	0	0	0	0	0	0	0	0	0	0	0	0	0	0	0	0	0	0	0	0	0	0	0
0	0	0	0	0	0.0218180841967	0	0	0.0696856153716	0	0	0	0	0	0	0	0	0	0	0	0	0	0	0	0	0	0	0	0	0	0	0	0	0	0	0	0	0	0	0	0	0	0	0	0	0
0	0	0	0	0	0	0	0	0	0	0	0	0	0	0	0	0	0	0	0	0	0	0	0	0	0	0	0	0	0	0	0	0	0	0	0	0	0	0	0	0	0	0	0	0	0
0	0	0	0	0	0	0	0	0	0	0	0	0	0	0	0	0	0	0	0	0	0	0	0	0	0	0	0	0	0	0	0	0	0	0	0	0	0	0	0	0	0	0	0	0	0
0	0	0	0	0	0	0	0	0	0	0	0	0	0	0	0	0	0	0	0	0	0	0	0	0	0	0	0	0	0	0	0	0	0	0	0	0	0	0	0	0.000774321506712	0	0	0	0	0
0	0	0	0	0	0	0	0	0	0	0	0	0	0	0	0	0	0	0	0	0	0	0	0	0	0	0	0	0	0.188454968799	0	0	0	0	0	0	0	0	0	0	0	0	0	0.00727716123205	0	0
