0	0	0	0.109204943847	0	0	0	0	0	0	0	0	0	0	0	0.00433569405537	0.0802637535421	0.10402655108	0	0.056932829338	0	0	0	0	0	0	0	0	0	0	0	0.0455804931536	0.244686411356	0	0.211751607562	0	0	0	0.063599037431	0.104722511743	0.0515739293404	0.0706521529137	0	0	0	0	0	0.365001792457	0.0639831558476	0	0	0	0	0	0.280170336701	0.226837319622	0.0436869935316	0.207795545147	0.399037951728	0.202199958605	0.499066733289	0.570116446939	0.254136845772	0.231057064317	0.116091052157	0.127282727952	0.0365776059613	0	0.0556938589296	0	0.208610104508	0.348765185542	0.365090742483	0.306515967147	0.145129355094	0.227142905405	0.149094774723	0	0	0	0	0.606087237533	0.619387250499	0.458500349083	0.723628861427	0.403700288862	0.549654108733	0.429568946136	0	0.405421749251	0.275353570292	0	0.601418018055	0.701597268031	0.129352493393	0	0	0	0	0	0	0.00174744505179	0.193709402147	0.310035688822	0.211022568655	0.226991638707	0.0100304256223	0	0	0
0.0485588398141	0.0268067811722	0.109183559915	0.0333566459303	0	0	0	0	0	0	0	0	0	0	0	0.213975800714	0.206981343626	0.417173804218	0.0302325334289	0.125942877603	0	0	0	0	0	0.0928743301818	0.0138553004885	0.174811499408	0.405421439211	0.471926720379	0	0	0	0.196945655565	0.185596293878	0.506259040974	0.302292989703	0.00493111972811	0	0	0	0	0	0	0.0754164252861	0.0424933494882	0	0	0	0	0	0	0	0	0	0	0	0	0	0	0	0	0	0	0	0	0	0	0	0	0	0	0	0	0	0	0	0	0	0	0	0	0.0343691304953	0.0933999860483	0	0	0	0	0	0	0	0	0	0	0	0	0	0	0	0	0.265178759126	0.167316356657	0.16418593937	0.0574650620774	0.0120227213374	0	0	0	0	0
0.355357704586	0.378680024419	0.291499622946	0.201423728041	0.0628195852486	0.0781445106044	0	0.263252754128	0.109782395554	0	0	0	0	0	0	0	0	0	0	0	0	0	0	0	0	0	0	0.0909465879817	0	0.0880228205654	0	0	0	0	0	0	0.216750593433	0	0	0	0	0	0	0.10931005083	0	0	0	0	0	0	0	0	0	0	0	0	0	0	0	0	0	0.344904855564	0	0	0	0	0	0	0	0.217348009564	0	0.0681348421416	0	0	0	0	0	0	0	0	0	0	0	0	0	0	0	0	0	0	0	0	0	0	0	0	0	0	0	0	0	0	0	0	0	0	0	0	0	0
0	0	0	0	0	0	0	0	0	0	0	0	0	0	0	0.165840912613	0.168318549536	0	0.158181298887	0	0	0.0690339528011	0.189462934695	0.11234606978	0	0	0	0	0	0	0	0	0	0	0	0	0	0	0	0	0	0	0	0	0	0	0	0.227659710721	0.178603624018	0	0	0	0	0	0	0	0	0	0	0	0	0.0849786974973	0.585080687436	0.668598727261	0	0	0	0	0	0	0	0	0	0	0	0	0	0	0	0	0	0	0	0	0	0	0	0	0	0	0	0	0	0	0	0	0	0	0.138702254787	0	0	0	0	0	0	0	0	0	0	0
0	0	0	0	0	0	0	0.0974251722812	0	0	0	0	0.196850916857	0.200106963185	0	0	0	0	0	0	0	0	0	0	0	0.128273420963	0	0	0	0	0	0	0	0	0	0	0	0	0	0	0	0	0	0	0	0	0	0	0	0	0	0	0	0	0	0	0	0	0	0	0	0	0.160782466793	0	0	0	0	0	0	0	0	0	0	0	0	0	0	0	0	0	0	0	0	0	0	0	0	0	0	0	0	0	0	0	0	0	0	0	0	0	0	0	0	0	0	0	0	0	0	0.171470091895
0	0	0	0	0	0	0	0	0	0	0	0	0	0	0	0	0	0	0	0	0	0	0	0	0	0	0.153285343466	0.224261037745	0.0339109091832	0	0	0	0	0	0	0	0	0	0	0	0	0	0	0	0	0	0	0	0	0.189639737058	0.267188760538	0.118649264881	0.00825966970703	0.417663419841	0	0.0698184202347	0	0	0.18161673903	0.0172192684921	0.0130298387721	0	0	0	0	0	0	0	0	0	0	0	0	0	0	0	0	0	0	0	0	0	0	0.157873323795	0	0	0	0	0	0	0	0	0	0	0	0	0	0.151847736069	0	0	0	0	0	0	0	0	0	0	0	0
0	0	0	0.189923477003	0.206401166419	0.188311587779	0.21449297317	0	0.192134327371	0	0	0	0	0	0	0	0	0	0	0	0.111337063399	0.103644282135	0.00133995121555	0	0	0.122054580601	0	0	0	0	0	0	0	0	0	0	0	0	0	0	0	0	0	0.0848676847316	0	0	0	0	0	0	0	0	0	0	0	0.0642992068095	0	0.115926122181	0	0	0	0	0	0	0	0	0.0418237969964	0.109771389678	0.143801470205	0	0	0	0	0	0	0	0	0	0	0	0.0684465479574	0	0	0	0	0	0	0	0	0	0	0	0	0	0	0	0	0.380932297949	0.00482102866356	0	0	0	0	0	0	0	0	0	0	0
0	0	0	0	0	0	0	0.20323857675	0	0.504771480806	0.239550055365	0.184032778265	0.0124885407148	0	0	0	0	0	0	0	0	0	0	0	0	0	0	0	0	0	0	0	0	0.092047925044	0.269723452414	0.134785496422	0.0143605906638	0.0125637084344	0	0	0	0	0	0.0806633178855	0.0456446513885	0	0.125318119966	0	0	0	0	0	0	0	0	0	0	0	0	0	0.0333665013363	0	0	0	0	0	0	0	0	0	0	0	0	0	0	0	0	0	0	0	0	0	0	0	0	0	0	0.434647231144	0.391033048441	0	0	0	0	0	0	0	0.063067921945	0	0	0	0	0	0	0	0	0	0	0	0	0
0	0	0	0	0	0	0	0	0	0	0	0	0	0	0	0	0	0	0	0	0	0	0	0	0	0	0	0	0.115096446555	0	0.111821966093	0	0.0780104608224	0.203511020296	0.304777252237	0.231287423356	0	0	0.0120733767094	0	0	0	0	0	0	0	0	0	0	0	0	0	0	0	0	0	0	0	0	0	0	0	0	0	0	0	0	0	0	0	0	0	0	0	0	0.512473467495	0.123175178907	1	0	0	0	0	0	0	0	0	0	0	0	0	0	0	0.0883125938645	0.298402731969	0	0.140438169708	0.0873829351222	0	0	0	0	0	0	0	0	0	0	0	0	0
0.10609200441	0	0.0416092244913	0	0	0.296149746933	0	0	0	0	0	0	0	0	0	0	0.1194863162	0.126903326001	0.0273820745289	0	0	0	0	0.073371924349	0.129663432452	0	0	0	0	0	0	0	0	0	0	0	0	0	0	0	0	0.0298809982517	0	0	0	0	0	0	0	0	0	0	0	0	0	0	0	0	0	0	0	0	0	0	0	0	0	0	0	0	0	0	0.311739604727	0.00375565938054	0.617720235071	0	0	0	0	0	0.0886839275465	0.0408113575754	0.343683950795	0	0	0	0	0	0	0	0	0	0	0	0	0	0	0	0	0	0	0	0	0	0	0	0	0	0	0
0.154701797482	0.297714966248	0.423432406829	0.139884889286	0.242103679404	0	0	0	0.0658044157223	0	0	0	0	0	0	0	0	0	0.322162277951	0	0	0	0.127882139263	0.107890270922	0.0805423019984	0.0574122841904	0	0	0	0.00309052198794	0.782152377157	0.947270578236	0.369768709861	0.388750410359	0	0	0	0	0	0	0	0.244669301516	0	0	0	0	0	0	0	0	0	0	0	0	0	0	0	0	0	0	0	0	0	0	0	0.117818415779	0	0	0	0	0	0	0	0	0	0	0	0	0	0	0	0	0	0	0	0	0	0	0	0	0	0	0	0	0	0.0173777974589	0	0	0	0	0	0	0	0	0	0	0	0	0	0
0	0	0	0	0	0	0	0	0	0	0.181001590581	0.063562661762	0.168407099137	0.0430750638412	0	0	0	0	0	0	0	0	0	0	0	0	0	0	0	0.0429167303751	0	0	0	0	0	0	0.0229853829376	0.0825861308866	0.218138075557	0	0	0	0	0	0	0	0	0	0	0	0	0	0	0	0	0	0	0	0	0.315684211508	0.0975890420085	0	0	0	0	0	0	0	0	0	0.0733195396458	0	0.0790685662969	0	0	0.0877981640887	0	0	0	0	0	0	0	0	0	0	0	0	0	0	0.0779782531147	0	0	0	0	0	0	0	0	0	0	0	0	0	0	0	0	0	0	0
0	0	0	0.122504555348	0	0	0	0.139086232248	0.224902712877	0.155377299215	0	0	0	0	0	0	0	0	0	0	0	0	0	0	0	0	0	0	0	0.0195489954853	0.10602565675	0	0.0330963475325	0	0	0	0	0	0	0	0	0	0	0	0	0	0	0	0	0	0	0	0	0	0	0	0	0	0	0	0	0	0	0	0	0	0	0	0	0	0	0	0	0	0	0	0	0	0	0	0.115163304724	0	0	0	0	0	0	0	0	0	0	0	0	0	0.870647506607	0.708266264602	0.345616881599	0.0257142806445	0.00312578491659	0	0	0	0	0	0	0.381701051797	0.16951151688	0.12839305049	0.258793992015	0
0	0	0	0	0	0	0	0	0	0	0	0	0	0	0	0	0	0	0	0	0	0	0	0	0	0	0	0	0	0	0	0	0	0	0	0	0	0	0	0	0	0	0.0288795473493	0	0	0	0	0	0	0	0	0	0	0	0	0	0	0	0	0	0	0	0	0	0	0	0	0	0.0503312162967	0.266560096651	0.227259127457	0	0	0	0	0	0	0	0	0	0	0	0	0	0	0	0	0	0	0	0	0	0	0	0	0.133917768232	0	0	0	0	0	0	0	0	0	0	0	0	0	0
0	0	0	0	0	0	0	0	0.0358035094133	0.0301710757969	0.122089031027	0.127362177615	0.0977919890368	0	0	0	0	0	0	0.17907429211	0.0751625171257	0.0598002640931	0	0	0.0797351060955	0.163164051152	0.495821086426	0.444453817641	0.257679151798	0	0	0	0	0	0	0	0	0.137338526585	0	0	0	0.24782506143	0	0.0406361061862	0	0	0	0	0	0	0	0	0	0	0	0	0.162310830653	0	0	0	0	0	0	0	0	0	0	0	0	0	0	0	0	0	0	0	0	0	0	0	0	0	0	0	0	0	0	0	0	0	0	0	0.0688677054272	0	0	0	0	0	0	0	0	0	0.642104658483	0.257604591406	0.166857022643	0	0	0	0	0
0	0	0	0	0	0	0	0	0	0	0	0	0	0	0	0.118088335247	0.227022502992	0.189258724244	0.343436692145	0	0	0	0	0	0	0.0265246742229	0	0	0.000160252006794	0	0	0	0	0	0	0.127668039248	0.439238330532	0.315719657536	0	0	0	0	0	0.0143318434608	0.0751408244587	0.0474674467317	0	0.0246666504857	0	0	0	0	0	0	0	0	0	0	0	0	0	0	0	0	0	0	0	0	0	0	0	0	0.244101086493	0	0.122437688405	0	0	0	0	0	0	0	0.00255966821124	0	0	0	0	0	0	0.594578250749	0.504863137214	0	0	0	0	0	0	0	0	0	0	0	0	0	0	0	0	0	0	0
0	0	0	0	0.215575755623	0.168478802006	0.273980934715	0	0	0	0	0	0	0	0	0	0	0	0.0587445701664	0.472689691584	0	0.124631741666	0	0	0	0	0	0	0	0	0	0	0	0	0	0	0	0	0	0	0	0	0	0	0	0	0	0	0	0	0	0	0	0.0579076869304	0.444148539414	0	0	0	0	0	0	0	0	0	0.268696358394	0.201853050846	0	0.0856301189224	0.619355657463	0	0.101059256491	0.281967995917	0	0.185775008469	0	0	0	0	0	0	0	0	0	0	0.154302165404	0	0	0	0	0	0	0	0	0	0	0	0	0	0	0	0.00108695151782	0	0	0.0450520767427	0	0	0	0	0	0
0.141216461041	0.0024625918344	0.0413959652774	0.0326265614713	0	0.124833215632	0.267329284698	0.282395856813	0.0689584613531	0.245110743122	0.174892369168	0.133103383435	0.0652363063958	0.075488236246	0	0	0	0	0	0.165360309365	0.465096694728	0.197869805808	0.206241356102	0.211026749511	0.0932017023595	0	0	0	0	0	0	0.00714892861077	0.274438070428	0.118744988736	0.028151393909	0	0	0.0303426952712	0.456312289543	0.54773038736	0.709659368464	0.277259533197	0.236938459182	0	0	0	0	0	0	0	0	0	0	0.192901269735	0	0.155177066868	0.150528118201	0.0698359501467	0	0	0	0	0	0	0	0	0	0	0.0432722078809	0.376642071125	0	0	0	0	0	0	0	0	0	0	0	0	0	0	0	0	0	0	0	0	0	0	0	0	0	0	0	0	0	0	0	0	0	0	0	0	0	0	0	0
0.194073192667	0.294335636327	0.0289517056616	0.171075199073	0.273099813305	0.0529148441358	0	0	0.0852289173024	0.0380259174996	0.101324004103	0.0480985048089	0.00175347332323	0	0.181116104115	0.103825491654	0.148597770981	0	0	0	0	0	0	0	0	0	0	0	0	0.034686244001	0	0	0	0	0	0	0	0.393033939246	0.170976323776	0.191663818092	0.238766702195	0.129712952691	0.565951219168	0.409967793197	0.60538038021	0.218623089325	0.625956359062	0.0936875748147	0	0.780163879104	0.732811239462	0.85238752081	0.480524655492	0.327117586097	0.0371130273539	0.109147871912	0.0370224227532	0	0	0.0618317935838	0.19550149646	0	0	0.0029264021564	0.290116640833	0	0	0	0	0	0	0	0	0.175513743969	0	0	0	0	0	0	0.167742555943	0	0	0	0.122068973169	0	0.0712955482193	0	0.430300906559	0	0.0822610185657	0	0	0	0	0	0	0	0.235648078001	0.209063837947	0.0554038766886	0.223877404272	0	0.316988204588	0.565044944725	0.391307309496	0.646740977585	0.135958299052	0	0
0	0	0	0	0	0	0.128394460653	0.0146014077795	0	0	0	0	0	0	0.151849521594	0	0	0	0	0	0.137929978375	0.0686407582899	0	0	0	0	0	0	0	0	0	0	0	0	0	0	0	0	0.0113360828172	0	0	0	0	0	0	0	0	0	0	0	0	0	0	0	0	0	0.0699803588762	0.513203727882	0	0	0	0	0	0	0	0	0.0622440262848	0.249597152034	0.0875455892246	0.13944982266	0.386425183962	0.301131976399	0	0.209841427064	0.114712721429	0	0.72773004637	0	1	0.979046405106	0.462721872725	0	0	0	0	0.439255465414	0.379050343048	0	0	0	0.0595440208141	1	0.241401682654	0	0	0	0	0	0	0	0	0	0	0	0	0	0	0	0.136235710976	0.828529908105
0	0	0	0	0	0	0.0617692405638	0	0.0717431971241	0	0.094616875517	0	0.0664004532694	0	0	0	0	0	0	0	0	0	0	0	0	0	0	0	0	0	0	0	0	0	0	0	0	0	0.0309067334924	0	0	0	0	0	0	0	0	0	0	0	0	0	0.511215674801	0	0	0.0535955229634	0.222504451644	0	0.182140035855	0	0	0	0	0	0	0	0	0	0	0	0	0	0	0	0	0	0	0	0	0	0	0.14543164165	0	0	0	0	0	0	0	0	0	0	0	0	0	0	0	0	0	0	0	0	0	0	0	0	0	0	0	0
0	0	0	0	0	0.0911672929107	0.0540331062006	0	0.0480228665142	0.0265434835602	0	0	0	0	0	0	0.0207596396047	0.162637594457	0.0598605528917	0	0.210473746372	0.376379195207	0.299360054119	0.495364985438	0.616857457094	0.409696658689	0.196418258484	0	0	0	0	0	0	0	0	0	0.00437211273064	0.0234842223118	0.018802579026	0	0	0	0	0.0355658539065	0.153458036782	0.141900953906	0.0743426450389	0.163951310578	0.619814991746	0.0301963838377	0	0	0	0.00441003739691	0	0	0.0456781268087	0	0	0.0132305450004	0	0	0	0	0	0	0	0	0	0	0.00332678793624	0	0	0.118598193971	0	0.172585463011	0	0	0	0	0	0	0	0	0	0	0	0	0	0	0	0	0	0	0	0	0	0	0	0.20882603752	0	0	0	0.0128543763644	0.0450527426391	0	0.173717079913	0.735648650459	0.604970297009	0
0	0	0	0	0	0	0	0	0	0	0	0.0488968867452	0	0.14263178924	0.24067266339	0.193505414972	0.0285701235174	0	0	0	0	0	0.0717167429967	0	0	0	0	0	0	0	0	0	0	0	0	0	0	0	0.0178555016489	0.152949112358	0	0	0.168230774301	0.224657349802	0.0449596818752	0.115221292306	0	0	0	0	0	0	0	0	0	0	0	0	0.237205273387	0.38983422281	0.161446388134	0	0	0	0.153661470718	0.396071799656	0.511904735966	0.308597935584	0	0	0	0	0	0	0	0	0	0	0	0	0	0	0	0.212752321655	0	0	0	0	0	0	0	0	0	0	0	0	0	0.441505685337	0.617702853632	0.551073564592	0.375667663223	0.343483363487	0	0	0	0	0	0	0	0
0	0	0	0	0	0	0	0	0	0	0	0	0.151047123396	0.151843252793	0.0820795419059	0	0	0	0	0	0	0	0.0825758811688	0	0	0	0	0	0	0	0	0	0	0	0	0	0	0	0	0	0	0	0	0	0	0	0	0	0	0	0	0.0289632143089	0	0	0	0.0012520601828	0	0	0	0	0	0	0	0	0	0	0	0	0	0	0	0	0	0	0	0	0	0	0	0	0	0	0	0	0	0	0	0	0	0	0	0	0	0	0	0	0	0	0	0	0	0	0	0	0	0	0	0	0	0
0	0	0	0	0	0	0	0	0.0976191967688	0	0	0.154055437924	0.00274836656959	0	0	0	0	0	0	0	0	0	0	0	0	0	0	0	0.156994498512	0.339807967206	0	0	0	0	0	0	0	0	0	0.00293417044693	0	0	0	0	0	0	0	0	0	0	0	0	0	0	0	0	0	0	0	0	0	0	0	0	0	0	0	0	0	0	0	0	0	0	0	0	0	0	0	0	0	0	0	0.0774740194187	0	0	0	0	0	0	0	0	0	0	0	0	0	0	0	0.0310365599409	0	0	0	0	0	0	0	0	0	0
0	0	0	0	0	0	0	0	0	0	0	0	0	0	0	0	0	0	0	0	0	0	0.0214209404405	0	0	0	0	0	0	0	0	0	0	0	0	0	0	0	0	0	0	0	0	0	0	0	0	0	0	0	0	0	0	0	0	0	0	0	0	0	0	0	0	0	0	0	0	0	0	0	0	0	0	0	0	0	0	0	0	0	0	0	0	0	0	0	0	0	0	0	0	0	0	0	0	0	0	0	0	0	0.302662749444	0.263575430532	0	0	0	0	0	0	0	0
0	0	0	0	0	0	0	0	0	0	0.0865260742392	0.208417406139	0.2372757313	0.386854694694	0.344282168995	0.200428350744	0	0	0	0	0	0	0	0	0	0	0	0	0.0307373027335	0	0	0	0	0	0	0	0	0	0	0	0	0	0	0	0	0.38773132209	0.174382875934	0.125032960944	0.137598228389	0	0	0	0	0	0.238568096531	0.319872531407	0.268288697533	0.0932386546427	0	0	0	0	0	0	0	0.08618763121	0.237494597732	0.246403403783	0	0	0	0	0	0	0	0	0	0	0	0	0	0	0	0	0	0.157044245724	0	0.13578382272	0.178666045	0	0	0	0	0	0	0	0	0	0	0	0	0	0	0	0	0	0	0	0	0
0	0	0.0639275148785	0	0	0	0	0	0	0	0	0.0324707633063	0	0	0	0	0	0	0	0	0	0	0	0	0	0	0.140620011136	0.065527057224	0	0	0	0	0	0	0	0	0	0	0	0	0	0	0	0	0	0.0465625461539	0	0	0	0	0	0	0	0	0	0	0	0	0	0	0	0	0	0.097417806266	0.171434477897	0.0707863745575	0.10995523706	0	0	0	0	0	0	0	0	0	0	0	0	0.0209535948943	0.0972417911037	0.207669763242	0	0	0	0	0	0	0	0	0	0	0	0	0	0	0.503932261334	0	0	0	0	0	0	0	0	0	0	0	0	0
